   1 13 29 48.60 47 12  8.20 -125.1  1.3  4.4   14  26  4.2  3.3    0.3  0.2     2.5    6.3  1.71  95 1.0 IA 0
   2 13 29 57.93 47 13  4.42 -120.7  4.9  5.0   33   0  4.9  3.1    1.3  0.6     8.1   10.2  1.40 155 0.6 IA 1
   3 13 29 46.81 47 12 13.44 -115.5  1.7  5.3   33   0  2.4  1.6    0.3  0.1     1.9    2.5  1.50  56 0.8 SA 1
   4 13 29 49.69 47 12 48.13 -111.1  1.8  5.1   42  13  6.0  2.7    1.1  0.3    16.0   16.2  3.35  18 0.4 IA 0
   5 13 29 55.19 47 13  1.08 -113.3  3.5  4.8   33   0  5.0  2.3    1.2  0.5     8.3    7.7  1.60 163 0.5 IA 1
   6 13 29 49.61 47 11 49.70 -104.4  2.1  6.5   33   0  7.3  2.4    0.9  0.2    17.8   11.8  4.59 158 0.5 CR 1
   7 13 29 53.21 47 11 54.42 -110.4  1.7  5.3   22  10  7.3  2.8    0.6  0.2    12.3    9.5  4.86  37 0.5 CR 0
   8 13 29 52.22 47 11 40.99    0.8 16.5 41.6 2346   7 50.7  0.3 6446.7 24.1 62661.8  825.9  2.23  52 0.7 CR 0
   9 13 29 54.93 47 12 11.14 -112.1  1.4  5.2   33   0  5.4  3.3    0.3  0.2     9.8   11.9  6.65  15 0.7 SA 1
  10 13 30  0.26 47 12 54.19 -110.0  2.6  5.4   33   0  8.0  3.6    1.0  0.3    21.7   19.7  5.07 132 0.6 SA 1
  11 13 29 44.53 47 12  0.38 -100.3  1.9  5.3   31  11  9.8  2.8    1.0  0.2    31.2   28.6  6.91 148 0.6 SA 0
  12 13 29 46.96 47 12 10.80 -105.2  1.8  6.1   33   0  4.7  2.9    0.4  0.2     7.5    9.2  4.55 139 0.5 SA 1
  13 13 29 54.68 47 12 23.40 -102.0  1.8  5.9   37  10  6.7  2.0    1.3  0.3    17.5   11.3  3.01 124 0.5 SA 0
  14 13 29 56.21 47 12 52.77  -74.3  5.0  9.2  115   5  9.8  1.4   13.4  0.8   114.5   35.8  1.95  55 0.6 IA 0
  15 13 29 54.48 47 12 56.16  -64.8  6.4  9.2  175   8 11.7  1.2   34.6  1.4   249.5   51.9  1.66  76 0.7 IA 0
  16 13 29 59.88 47 13  3.25  -46.7  6.9  6.3   94   8 17.6  3.1   24.5  2.3   303.2  117.1  2.84  30 0.5 SA 0
  17 13 29 49.02 47 11 39.53  -93.1  2.0  6.4   33   0  6.5  2.0    0.9  0.2    14.4    8.6  3.81 174 0.2 SA 1
  18 13 29 51.14 47 12  8.72  -99.8  1.5  5.0   33   0  2.1  1.6    0.4  0.2     1.5    2.3  0.90  19 0.4 CR 1
  19 13 29 52.75 47 12 49.36  -81.2  5.2 10.1   30   5  7.4  2.2    3.3  0.3    17.1   13.4  1.18   9 0.3 IA 0
  20 13 29 54.11 47 13  4.38  -96.1  5.5  5.2   33   0  4.5  2.2    1.4  0.4     6.9    6.9  1.12 166 0.6 IA 1
  21 13 29 47.07 47 11 39.32  -89.1  1.6  4.7   33   0  5.0  3.2    0.4  0.2     8.4   10.8  4.30 153 0.6 IA 1
  22 13 29 49.79 47 11 41.80  -90.0  1.6  5.0   33   0  1.8  1.2    0.3  0.2     1.1    1.4  0.94  24 0.8 CR 1
  23 13 29 49.30 47 11 46.49  -83.8  1.9  5.2   33   0 12.0  3.1    0.8  0.2    48.6   25.2 14.30 151 0.6 SA 1
  24 13 29 47.69 47 11 52.39  -93.0  2.5  7.5   33   0  4.5  1.3    0.6  0.1     6.7    4.0  2.49 123 0.7 IA 1
  25 13 29 56.09 47 12 57.24  -82.2  3.5  5.3   33   0  5.2  3.1    1.0  0.3     9.1   10.8  2.02 143 0.5 IA 1
  26 13 29 50.74 47 13  4.50  -71.0  5.9  5.0   33   0 13.0  3.1    5.7  1.0    56.8   26.7  2.28  29 0.4 IA 1
  27 13 29 52.80 47 13  5.96  -72.2  7.9  5.8   33   0 11.3  3.7    2.1  0.8    43.2   28.5  4.80 144 0.7 IA 1
  28 13 29 52.69 47 11 27.69  -82.5  1.8  5.0   33   0  3.7  2.1    0.8  0.2     4.5    5.2  1.31 179 0.2 CR 1
  29 13 29 58.85 47 12 19.64  -81.2  1.6  4.8   33   0  3.6  4.5    0.3  0.1     4.4   10.9  3.70 174 0.7 IA 1
  30 13 30  0.06 47 12 36.69  -54.6  3.5  8.3  279  13 11.7  0.8   21.7  0.7   396.6   68.4  4.19  97 0.4 SA 0
  31 13 29 59.58 47 12 46.08  -75.1  2.3  5.0   37  16 10.5  2.1    1.6  0.6    42.1   24.7  5.95  68 0.5 IA 0
  32 13 29 59.62 47 12 50.16  -73.5  3.9  7.6   83  11  8.0  1.4    6.5  0.6    54.5   22.1  1.93  63 0.4 SA 0
  33 13 30  2.17 47 11 35.54  -72.5  2.6  5.4   31  14  7.7  2.9    1.4  0.3    19.0   16.3  3.05 141 0.6 IA 0
  34 13 29 57.55 47 12 24.41  -51.4  4.7 12.1  336   6 10.3  0.5   76.3  1.6   371.9   43.5  1.12  63 0.6 IA 0
  35 13 29 56.46 47 12 28.56  -61.0  3.9 10.0   68   7 10.2  1.4    6.6  0.4    73.8   22.4  2.58 155 0.8 IA 0
  36 13 29 47.50 47 12 40.62  -67.0  3.4  8.2   61  13 10.9  2.3    2.7  0.2    75.7   46.7  6.50 147 0.5 IA 0
  37 13 29 56.99 47 12 41.96  -76.5  2.1  5.6   33   0  5.0  2.6    0.7  0.2     8.4    8.9  2.58   7 0.3 IA 1
  38 13 29 52.55 47 12 54.82  -80.1  4.5  6.8   49  11  5.3  1.2    3.0  0.5    14.4    7.3  1.11  18 0.3 IA 0
  39 13 29 59.22 47 13  5.28  -59.0  8.0  6.5   66  17  8.8  2.4    9.6  1.8    53.4   32.8  1.27 166 0.5 SA 0
  40 13 29 49.90 47 12 13.26  -59.6  2.7  7.1   77  13 14.9  3.5    4.8  0.4   178.7   84.4  8.63  29 0.4 IA 0
  41 13 29 47.37 47 12 30.80  -67.6  4.4 11.1   40   8  5.2  1.1    2.9  0.3    11.4    6.1  0.89 175 0.5 SA 0
  42 13 29 56.53 47 12 32.35  -65.6  3.0  7.7   63   9 11.3  3.4    3.8  0.3    83.5   56.2  5.00  29 0.3 IA 0
  43 13 29 56.30 47 12 37.94  -68.2  3.3  7.9   71  10  4.6  1.4    2.8  0.2    15.6    9.2  1.27  89 0.4 IA 0
  44 13 29 49.71 47 12 57.82  -62.4  6.6  8.6  124  11  8.5  1.2   16.0  1.2    94.1   30.0  1.35   2 0.5 IA 0
  45 13 30  1.31 47 12 41.81  -30.1 13.6 30.7  563   9 13.3  0.3  363.1  4.4  1029.1   52.6  0.65  78 0.3 SA 0
  46 13 30  1.44 47 12 59.11  -69.3  4.2  5.5   33   0 10.7  3.1    1.1  0.3    39.0   22.3  7.87 161 0.7 SA 1
  47 13 29 50.40 47 12 59.18  -57.3  6.1  6.5   70   9 10.2  2.2    9.0  1.7    75.8   36.9  1.93  39 0.4 IA 0
  48 13 29 59.34 47 13  3.04  -65.2  6.1  5.7   34  14 11.7  3.5    3.7  1.2    48.5   46.1  2.98  24 0.6 SA 0
  49 13 29 41.20 47 11 26.16  -68.9  3.9  5.1   33   0  3.7  1.9    0.9  0.4     4.6    4.7  1.23 128 0.6 IA 1
  50 13 29 44.14 47 11 57.14  -61.4  2.2  4.6   33   0  9.0  2.5    1.2  0.5    27.4   15.4  5.25  22 0.5 SA 1
  51 13 29 46.56 47 12  6.57  -63.6  2.5  6.4   26  11  6.1  2.0    1.5  0.2    10.1    8.4  1.52   8 0.8 SA 0
  52 13 29 55.96 47 12 32.48  -56.4  2.5  5.9   33   0 12.2  4.1    1.0  0.3    50.8   34.3 11.95   5 0.8 IA 1
  53 13 29 57.59 47 12 39.92  -59.3  3.4  8.3  179  12 10.2  1.4   17.5  0.9   193.6   54.9  2.53  74 0.5 IA 0
  54 13 29 47.07 47 12 39.59  -66.1  2.4  5.6   42  10  4.9  1.6    1.5  0.3    10.3    8.3  1.56  96 0.6 IA 0
  55 13 29 46.56 47 12 39.19  -55.3  2.8  5.5   43  11  5.8  2.2    2.5  0.4    15.2   11.2  1.37  26 0.4 IA 0
  56 13 29 57.64 47 12 51.57  -67.2  2.5  4.4   33   0  6.5  3.7    0.8  0.4    14.5   16.3  4.05   3 0.5 IA 1
  57 13 29 49.25 47 13  1.03  -72.2  4.1  4.6   33   0  4.2  1.9    1.0  0.5     6.0    5.4  1.36 154 0.7 IA 1
  58 13 29 57.08 47 13  0.05  -60.1  5.0  5.6  113  10  9.2  1.5   13.2  2.0    98.4   32.5  1.71 140 0.9 IA 0
  59 13 29 44.66 47 11  7.83  -67.7  1.8  5.4   33   0  5.8  1.9    0.6  0.3    11.4    7.3  4.57 156 0.7 SA 1
  60 13 29 55.41 47 12 43.75  -53.5  2.9  6.5   46  10  8.1  2.6    2.0  0.3    31.4   20.1  3.63  27 0.6 IA 0
  61 13 29 53.82 47 12 44.88  -56.5  3.1  7.0   92  16  9.0  1.8    4.5  0.4    77.1   38.1  3.96 179 0.3 IA 0
  62 13 29 48.09 47 12 49.31  -61.6  3.6  6.7   69  12  8.2  1.9    5.6  0.8    48.0   25.5  1.96  38 0.3 IA 0
  63 13 29 50.85 47 12 58.12  -60.7  5.4  6.3   54  10  7.2  2.3    5.8  0.8    29.4   16.5  1.16  38 0.6 IA 0
  64 13 29 55.39 47 12 59.58  -70.1  4.2  4.5   33   0  1.6  0.7    0.7  0.4     0.9    0.8  0.30 179 0.9 IA 1
  65 13 29 48.33 47 13  3.57  -52.8  5.5  5.1   59  11  9.4  2.8    7.4  1.6    54.0   30.9  1.68 132 0.7 IA 0
  66 13 29 53.28 47 13  2.36  -57.9  6.2  5.4   52  13  8.4  2.4    5.9  1.0    38.7   25.5  1.52 143 0.5 IA 0
  67 13 30  0.71 47 13  5.91  -65.8  6.4  4.7   33   0  2.8  2.7    1.3  0.6     2.7    5.3  0.49 172 0.2 SA 1
  68 13 29 54.08 47 11 42.95  -59.7  2.2  5.8   33   0  5.3  2.5    0.6  0.1     9.5    8.8  3.91  35 0.9 CR 1
  69 13 29 59.22 47 12 23.79  -49.8  2.4  6.0   99  11  6.0  1.2    5.6  0.5    37.0   17.9  1.51 106 0.5 IA 0
  70 13 29 45.45 47 12 34.43  -52.4  3.5  5.3   59  21 10.9  3.0    3.4  0.7    72.6   49.0  4.94   7 0.5 IA 0
  71 13 29 48.71 47 12 44.33  -50.3  2.7  5.8   91  11  5.7  1.0    5.8  0.7    31.3   12.3  1.24  20 0.5 IA 0
  72 13 29 55.02 47 12 46.69  -61.1  2.8  5.7   33   0  4.0  2.5    0.7  0.2     5.5    6.7  1.92 118 0.5 IA 1
  73 13 29 54.32 47 12 47.59  -56.2  2.5  5.2   25  10  6.5  2.7    2.3  0.5    11.0    9.5  1.10  41 0.5 IA 0
  74 13 29 59.25 47 12 59.99  -59.4  5.2  5.6   35  13  4.1  1.7    2.7  0.7     6.2    6.3  0.53  60 0.4 SA 0
  75 13 29 57.92 47 11 45.13   -3.0  2.1  5.6   70   9 24.5  3.9    7.0  0.7   435.3  149.9 14.24 153 0.7 IA 0
  76 13 29 44.53 47 11 55.25  -49.1  1.9  4.5   37   9  6.0  1.7    1.9  0.5    13.7    9.1  1.67  38 0.5 SA 0
  77 13 29 58.46 47 12  7.15  -43.9  2.3  5.7   78  11  9.2  2.0    4.8  0.7    68.7   36.2  3.27  47 0.7 IA 0
  78 13 29 56.06 47 12 19.88  -45.9  3.0  7.7   78   8  8.8  1.2    5.5  0.4    62.5   20.4  2.61 100 0.4 SA 0
  79 13 29 43.99 47 12 22.79  -39.2  5.3  5.2   61  11 13.9  2.5    6.1  1.2   122.2   54.2  4.63 158 0.4 IA 0
  80 13 30  3.75 47 12 46.43  -60.2  4.8  5.9   33   0  2.3  1.6    0.7  0.3     1.8    2.6  0.57 134 0.7 IA 1
  81 13 30  2.91 47 13  1.72  -39.7  6.8  5.8   60  11  9.7  2.4   10.9  1.8    58.1   35.8  1.22  19 0.9 IA 0
  82 13 29 55.23 47 13  4.03  -58.6  5.9  5.1   33   0  3.4  2.1    1.4  0.7     3.9    4.9  0.62 171 0.7 IA 1
  83 13 29 48.71 47 11 57.77  -22.9  3.3  8.3  211  18 13.2  1.6   14.9  0.8   382.7  123.1  5.88 126 0.5 IA 0
  84 13 29 57.04 47 11 56.52  -22.1  3.8  9.1   90   9 10.3  1.8    5.8  0.4    99.3   39.1  3.94 145 0.2 SA 0
  85 13 29 51.36 47 12  5.58  -49.9  2.8  6.8   17   5  3.9  1.6    1.5  0.2     2.8    2.9  0.43  68 0.5 CR 0
  86 13 29 56.92 47 12  7.45  -29.6  2.7  6.8  107   7 11.3  1.4   10.5  0.7   143.4   36.8  3.13 101 0.7 SA 0
  87 13 29 54.86 47 13  1.36  -50.5  5.5  5.6   33   0  4.9  2.8    2.1  0.7     8.2    9.3  0.91 121 0.5 IA 1
  88 13 29 44.51 47 11  6.73  -28.2  1.8  4.9   32  12 11.2  3.8    1.3  0.4    41.9   33.1  7.36 173 0.4 SA 0
  89 13 29 59.10 47 12  0.03  -27.1  2.1  5.4   82  11 10.5  2.5    4.3  0.7    95.3   48.2  5.04 167 0.8 IA 0
  90 13 29 49.69 47 12  7.07  -33.6  4.5 11.4  188   9  8.3  0.7   25.0  0.8   133.3   21.8  1.22 149 0.3 IA 0
  91 13 29 56.53 47 12 11.59  -33.9  4.4 10.8   34  10  5.7  1.3    2.6  0.3    11.7    6.7  1.04 145 0.7 SA 0
  92 13 29 56.43 47 12 15.64  -43.5  3.2  8.2   45   8  5.2  1.2    2.3  0.3    12.9    5.7  1.27  15 0.4 SA 0
  93 13 29 57.06 47 12 37.25  -38.4  2.3  5.4   33   0  7.6  2.0    1.3  0.4    19.4   10.1  3.44   2 0.4 IA 1
  94 13 29 56.02 47 12 45.89  -49.6  2.9  6.5   33   0  2.7  1.3    0.6  0.2     2.5    2.4  1.02  38 0.8 IA 1
  95 13 29 43.61 47 11 15.74   -5.1  4.3 11.6  194   7 16.1  0.8   32.9  1.3   523.1   47.7  3.65 106 0.6 SA 0
  96 13 29 57.51 47 11 50.22  -20.2  3.8  9.7  148   7  7.2  0.9   14.8  0.8    79.7   18.4  1.24  60 0.7 IA 0
  97 13 30  1.28 47 11 53.77    8.0  6.6 15.9  495   8 19.8  0.3  292.9  2.9  2016.3   78.7  1.58 117 0.2 SA 0
  98 13 29 44.76 47 12  1.37  -34.2  3.5  7.7   68  13  6.0  1.5    3.9  0.4    25.8   11.9  1.53 152 0.3 SA 0
  99 13 29 58.72 47 12 10.54  -42.3  2.4  6.0   33   0  3.7  1.4    0.9  0.2     4.7    3.7  1.17  98 0.5 IA 1
 100 13 30  0.32 47 12 14.84  -31.7  3.7  9.3   97   9  7.1  1.8    4.6  0.4    50.6   29.5  2.53 111 0.6 IA 0
 101 13 29 49.12 47 12 17.19  -32.5  2.4  5.9   33   0  8.8  2.3    1.8  0.4    26.3   13.7  3.36 154 0.5 IA 1
 102 13 30  2.88 47 12 44.58  -25.6  4.6  8.1   83   7  8.2  0.9    9.7  0.7    58.4   15.8  1.39  85 0.7 IA 0
 103 13 30  2.43 47 12 51.00  -44.0  3.4  5.4   18   6  3.6  1.4    1.4  0.4     2.4    2.2  0.39 132 0.5 IA 0
 104 13 29 44.43 47 11 27.77   -2.4  5.3 13.6  263   6 19.7  0.7   53.5  1.2  1058.9   75.7  4.54 138 0.6 SA 0
 105 13 29 48.26 47 11 44.24  -13.7  2.8  7.1  142  13 12.2  1.1   13.6  0.8   219.4   42.0  3.69 131 0.4 IA 0
 106 13 29 58.90 47 11 48.96  -20.6  2.4  6.2  104  15 14.6  2.6    6.1  0.6   230.9  101.7  8.66  12 0.6 IA 0
 107 13 29 59.34 47 11 54.28  -20.5  3.6  8.8  114   9  7.4  1.2   10.4  0.7    64.0   17.8  1.42 122 0.5 IA 0
 108 13 29 48.51 47 11 57.73  -33.4  2.1  5.2   33   0  4.5  2.4    0.5  0.2     6.8    7.3  3.11 145 0.8 IA 1
 109 13 29 48.03 47 12  4.13  -30.3  2.2  5.9   33   0  6.4  2.6    1.0  0.3    14.0   11.3  3.32 143 0.4 IA 1
 110 13 29 49.01 47 12 10.21  -29.7  2.1  5.5   91  12  9.1  1.6    3.8  0.5    78.0   36.1  4.70  34 0.6 IA 0
 111 13 29 48.84 47 12 16.67  -15.1  2.1  5.7   34  13 16.1  3.3    2.1  0.4    91.1   45.0  9.91 121 0.6 IA 0
 112 13 30  0.62 47 12 21.47  -38.5  2.1  5.4   33   0  4.3  2.2    0.8  0.2     6.3    6.5  1.79  21 0.4 SA 1
 113 13 29 49.51 47 12 22.48  -36.5  2.1  5.4   33   0  3.9  1.8    0.9  0.2     5.1    4.7  1.36 159 0.6 IA 1
 114 13 29 47.31 47 12 41.68  -33.2  2.0  4.8   33   0  4.2  3.0    0.6  0.2     5.9    8.4  2.37   5 0.6 IA 1
 115 13 30  4.15 47 12 51.13  -33.8  5.0  4.4   27  11  4.1  2.0    3.0  1.2     4.8    5.6  0.37 123 0.4 IA 0
 116 13 29 59.39 47 11 43.24   -9.3  2.6  6.7  165   9 11.9  1.7   18.9  1.0   244.0   66.1  2.96   7 0.8 IA 0
 117 13 29 47.34 47 11 52.00  -17.2  2.8  7.2  103  11  9.2  1.1    8.7  0.7    91.2   25.4  2.40 144 0.4 IA 0
 118 13 29 52.66 47 12  3.88  -33.7  1.9  5.1   33   0  4.3  2.9    0.4  0.2     6.2    8.5  3.55   2 0.4 CR 1
 119 13 29 48.44 47 12  6.10  -29.8  2.2  6.2   33   0  5.8  2.8    0.7  0.3    11.5   11.2  3.88 168 0.6 IA 1
 120 13 29 49.45 47 10 38.40  -26.5  2.0  4.7   33   0  3.8  2.7    0.9  0.4     4.8    7.0  1.21 151 0.4 IA 1
 121 13 29 57.92 47 11 20.25   -1.4  4.5 12.3  191   8 16.8  1.5   39.5  1.0   561.5  108.0  3.26 111 0.5 IA 0
 122 13 29 43.28 47 11 22.30  -22.7  2.7  6.4   22   6  5.9  1.6    1.9  0.3     7.8    6.8  0.95 133 0.3 SA 0
 123 13 29 57.11 47 11 35.85   -5.6  2.2  6.2  128  11 10.0  1.4   10.0  0.8   133.5   42.1  3.07 144 0.7 IA 0
 124 13 29 47.65 47 11 35.88    0.3  4.6 11.8  138   7  9.6  1.4   13.0  0.6   131.5   38.1  2.33 127 0.5 IA 0
 125 13 29 42.95 47 11 38.50  -10.2  2.7  5.2   52  11 15.0  3.5    4.4  0.9   122.3   62.1  6.31  64 0.6 IA 0
 126 13 30  0.37 47 11 51.77  -12.5  1.9  4.7   40  11  7.9  2.0    2.0  0.4    25.9   13.6  2.97 157 0.4 IA 0
 127 13 30  0.95 47 12 16.04  -21.4  1.7  4.6   33   0  6.4  1.9    1.1  0.3    13.8    8.3  2.90  71 0.4 SA 1
 128 13 29 59.36 47 12 27.14  -27.9  1.5  3.8   33   0  3.8  1.9    0.6  0.4     5.0    4.9  1.96 153 0.4 IA 1
 129 13 30  3.28 47 12 31.24   -5.4  6.7 11.1  235  11  9.2  0.5   60.4  2.3   205.1   24.0  0.78 124 0.5 IA 0
 130 13 29 57.44 47 12 58.34   -8.6  4.6  5.7   31  12 14.1  4.6    1.9  0.7    64.9   58.4  7.87  15 0.5 IA 0
 131 13 29 42.78 47 10 52.69    5.3  7.7 19.4  166   9 10.6  0.8   26.8  1.1   193.4   36.6  1.65  92 0.3 IA 0
 132 13 29 42.99 47 11  6.11  -16.8  2.1  6.0   39  11  6.3  1.6    1.6  0.2    16.1    9.5  2.30  53 1.0 SA 0
 133 13 29 52.12 47 11  9.89    4.0  1.4  3.9   70  18  7.4  3.4    2.6  1.2    39.7   46.1  3.51 127 0.6 CR 0
 134 13 29 57.54 47 11 32.81  -11.9  4.1 11.1   65  13 10.1  4.3    2.5  0.2    69.5   63.2  6.45 107 0.6 IA 0
 135 13 29 49.61 47 11 44.01    7.1  3.1  7.7  122   8 15.9  2.2   13.3  0.8   321.0  109.0  5.56 157 0.6 CR 0
 136 13 30  0.50 47 11 44.16  -14.2  2.1  5.4   28  12 11.1  4.9    1.1  0.3    35.9   34.9  7.25  29 0.8 SA 0
 137 13 29 54.22 47 11 52.24  -17.2  2.1  5.0   33   0  4.3  2.5    0.7  0.2     6.3    7.3  2.01  32 0.4 CR 1
 138 13 29 46.61 47 11 55.80  -11.9  2.9  7.3   55   9  8.5  2.1    2.1  0.3    41.1   22.5  4.55  89 0.4 IA 0
 139 13 29 56.24 47 12 19.89  -22.2  1.8  5.1   33   0  4.5  1.4    0.6  0.2     7.0    4.3  2.81 134 0.8 SA 1
 140 13 29 46.05 47 12 35.79  -15.5  2.7  4.9   33   0  3.3  2.2    1.1  0.4     3.6    4.8  0.75   3 0.3 IA 1
 141 13 30  4.47 47 12 43.13  -16.1  7.4  6.7   33   0  3.4  2.1    1.7  0.3     3.9    4.8  0.53   9 0.8 IA 1
 142 13 29 57.42 47 12 46.07  -17.6  3.3  7.0   69  15  4.6  1.4    2.6  0.4    15.2   11.0  1.35  29 0.6 IA 0
 143 13 29 47.64 47 10 59.32   -2.5  1.7  4.8   51  23  8.6  2.6    1.7  0.3    39.8   22.1  5.47  78 0.5 IA 0
 144 13 29 42.40 47 11 17.72   -2.2  2.6  6.2   88   9  9.5  1.2    7.2  0.5    82.1   25.1  2.61 138 0.7 IA 0
 145 13 29 42.93 47 11 25.42   -8.5  3.3  7.8   91  11  5.9  1.0    6.1  0.6    33.2   12.9  1.25  98 0.7 SA 0
 146 13 29 42.24 47 11 26.98   -6.5  2.9  5.9   33   0  3.8  1.9    1.0  0.3     4.9    4.8  1.12 140 0.5 IA 1
 147 13 29 42.72 47 11 32.87   -2.4  2.3  4.5   33   0  9.5  6.4    0.7  0.4    30.7   41.0 10.03 126 0.5 IA 1
 148 13 29 57.82 47 11 33.75  -11.6  2.0  5.5   72  15  6.4  1.9    2.5  0.6    30.4   21.4  2.81  79 0.6 IA 0
 149 13 29 59.36 47 11 34.26   -8.2  3.4  9.2   38   7  6.5  1.7    2.1  0.2    16.6    8.7  1.79 112 0.7 IA 0
 150 13 29 57.22 47 11 40.76   -5.6  2.5  6.8   60  10  7.6  2.1    2.8  0.5    35.8   19.4  2.95 163 0.7 IA 0
 151 13 29 57.24 47 11 46.16   -9.0  2.3  5.9   23  12  6.4  1.9    1.1  0.3     9.6    8.1  2.00  86 0.9 SA 0
 152 13 30  4.30 47 12 19.37  -12.5  5.2  4.9   27   8  5.2  2.0    2.6  0.9     7.7    7.1  0.69 178 0.6 IA 0
 153 13 29 42.06 47 10 56.79  -14.4  3.0  7.8   33   0  4.5  3.1    0.5  0.2     6.7    9.4  3.04 175 0.9 IA 1
 154 13 29 54.64 47 11  2.23   -5.9  2.1  6.7   33   0  6.6  2.9    0.6  0.1    14.6   12.9  5.98   9 0.6 SA 1
 155 13 29 41.84 47 11  8.93    5.4  5.7 13.1  210   7  9.6  0.5   42.4  1.2   201.2   23.3  1.09 132 0.5 IA 0
 156 13 29 49.75 47 11 13.74   -5.0  1.8  5.0   33   0  7.6  4.0    0.5  0.2    19.4   20.3  9.25 127 0.5 SA 1
 157 13 29 42.04 47 11 19.65   -5.1  1.9  4.4   13  16  8.0  4.7    0.7  0.5     8.3   20.2  2.61  16 1.0 IA 0
 158 13 29 56.58 47 11 16.96   10.0  3.8  9.9  170  10 11.5  0.8   14.5  0.6   234.5   46.3  3.71 146 0.2 IA 0
 159 13 29 46.10 47 11 32.30    5.0  3.9  9.7  222  14  9.4  0.9   30.5  1.1   205.6   44.2  1.55 126 0.3 IA 0
 160 13 29 59.89 47 11 33.66   -5.0  1.6  4.5   52  16  8.5  2.4    1.7  0.6    38.9   29.8  5.39 120 0.3 SA 0
 161 13 30  1.71 47 11 49.79    7.9  4.8 11.1   84   9  7.4  1.1    8.3  0.4    48.6   19.6  1.35  91 0.5 SA 0
 162 13 29 59.97 47 12 10.02   -5.4  1.4  3.7   33  18 12.3  5.5    0.8  0.4    51.3   64.4 14.91 113 0.6 IA 0
 163 13 30  4.17 47 12 28.45   -1.9  8.3  8.8  127  11  7.0  1.2   18.6  1.2    64.0   20.9  0.79 107 0.5 IA 0
 164 13 29 43.92 47 10 31.83   22.4  8.9 15.3  454  10 11.5  0.3  185.5  3.3   618.6   30.5  0.77  30 0.8 SA 0
 165 13 30  0.65 47 11 10.56   -4.4  2.5  5.1   18  15  3.7  1.9    0.9  0.3     2.5    4.5  0.67 135 1.0 IA 0
 166 13 29 57.40 47 11  9.94    6.4  2.0  5.6  131  11 10.1  1.1    9.6  0.8   139.2   33.6  3.32  77 0.6 SA 0
 167 13 29 59.56 47 11 28.91    4.3  2.1  5.2   33   0  6.4  2.2    1.3  0.4    13.8    9.6  2.44 164 0.4 SA 1
 168 13 29 55.25 47 10 35.15   -0.0  3.1  5.8    5   8 10.7  4.7    1.2  0.3     5.9   14.5  1.17  50 1.0 IA 0
 169 13 29 43.74 47 10 43.93   17.3  2.1  4.8   94  13  8.2  1.6    5.6  0.9    65.5   26.9  2.70  99 0.6 SA 0
 170 13 29 41.92 47 10 55.65    2.7  2.5  6.1   14   9  6.7  2.0    1.0  0.2     6.3    6.8  1.38 135 0.7 IA 0
 171 13 29 43.49 47 11  7.08   10.1  2.1  5.8   22   6  7.7  1.9    1.5  0.4    13.5   10.0  2.02  67 0.4 SA 0
 172 13 29 47.25 47 11  7.28   30.6  3.1  8.0  153   8  9.8  1.2   14.9  0.6   152.2   38.4  2.34  86 0.5 IA 0
 173 13 29 48.51 47 11 13.51   32.9  3.3  8.5  224  10 13.7  0.9   39.0  1.2   437.3   61.0  2.58 106 0.5 IA 0
 174 13 29 56.56 47 11 23.67   -3.1  1.7  4.9   33   0  3.6  1.5    0.7  0.2     4.4    3.6  1.51 130 0.3 IA 1
 175 13 29 49.44 47 11 27.41    9.3  1.9  5.0   32  12  9.5  3.9    1.6  0.4    30.2   28.4  4.39 177 0.8 SA 0
 176 13 29 56.56 47 11 29.05    0.9  1.6  4.6   21  19  5.7  2.2    0.9  0.4     7.1    9.1  1.85  54 0.8 SA 0
 177 13 29 41.36 47 11 40.90   -4.6  6.5  6.0   33   0  2.2  1.3    1.2  0.4     1.6    1.9  0.31  48 0.5 IA 1
 178 13 29 46.60 47 11 40.81   -0.5  1.6  4.1   35  19 12.2  8.3    0.8  0.4    53.7   94.9 15.23  78 0.6 IA 0
 179 13 29 48.64 47 11 48.18   12.8  2.0  4.8   56  12  9.0  3.2    2.5  0.6    46.9   34.2  4.36 100 0.6 IA 0
 180 13 30  3.43 47 12 18.85    9.6  5.9  8.5  143   9  7.6  0.7   20.2  1.3    85.9   16.9  0.97 136 0.6 IA 0
 181 13 29 46.33 47 12 40.28   -0.2  2.9  5.8   33   0 10.0  2.8    0.9  0.3    34.1   19.0  8.56 146 0.6 IA 1
 182 13 29 43.03 47 10 26.92    5.0  3.5  4.8   53  20  1.6  0.6    1.7  0.7     1.5    1.0  0.20 103 0.5 IA 0
 183 13 29 54.96 47 10 34.04    5.1  2.8  5.1   33   0  2.3  1.9    0.4  0.2     1.9    3.0  0.96 132 0.8 IA 1
 184 13 29 49.81 47 10 34.61   13.3  2.6  5.2   33   0  8.5  5.5    0.8  0.3    24.5   31.9  7.13   1 0.5 IA 1
 185 13 29 45.21 47 11 12.05    7.6  1.9  4.9   33   0  6.9  1.9    1.0  0.3    16.2    8.7  3.85 169 0.6 IA 1
 186 13 29 56.06 47 11 23.20    7.7  1.9  5.2   23  11  6.5  2.3    1.1  0.3    10.3    8.9  2.16 114 0.5 SA 0
 187 13 30  0.01 47 11 25.19   12.6  2.2  5.5   52  14 12.0  2.0    2.2  0.4    77.5   38.1  8.07 152 0.3 SA 0
 188 13 29 50.17 47 12 24.23    4.5  2.0  5.4   33   0  2.5  1.6    0.5  0.2     2.1    2.7  1.02 165 0.8 IA 1
 189 13 29 56.06 47 10 33.90    5.4  2.5  5.4   33   0  2.5  2.8    0.5  0.3     2.2    4.8  1.02 134 0.8 IA 1
 190 13 29 43.71 47 10 52.03   13.9  2.3  5.9   47  16  6.6  2.7    1.4  0.3    21.5   17.8  3.58 125 0.8 SA 0
 191 13 29 44.62 47 10 55.23   26.9  3.8 10.3  137   8  9.8  1.5   12.1  0.7   136.8   43.4  2.60  68 0.7 SA 0
 192 13 29 46.38 47 11  8.74   30.6  4.2 11.1  133   7  7.3  0.5   22.6  0.8    73.7   10.5  0.75  53 0.6 IA 0
 193 13 29 56.29 47 11 30.90   12.9  3.0  7.7   51  13  5.9  1.6    2.2  0.2    18.5   14.2  1.97 149 0.3 SA 0
 194 13 29 49.01 47 11 27.37   33.6  2.5  6.2  114  12 10.7  2.0    8.7  0.7   134.7   58.8  3.55  99 0.4 SA 0
 195 13 30  0.69 47 12 47.32    5.3  2.4  5.1   47  12  2.4  1.1    1.4  0.4     2.9    2.9  0.47  44 0.6 SA 0
 196 13 29 56.19 47 12 54.61   15.1  3.4  5.4   33  17 10.0  4.5    1.3  0.4    34.9   46.9  6.21  29 0.5 IA 0
 197 13 29 47.75 47 10 48.37   19.6  2.6  6.6   36   8  6.8  2.3    1.4  0.2    17.4   11.4  2.80 153 0.4 IA 0
 198 13 29 56.16 47 11 19.50   17.2  2.6  6.7   33   0  6.8  1.6    1.5  0.2    15.8    7.2  2.39  33 0.5 IA 1
 199 13 29 47.87 47 11 19.40   16.4  2.0  6.0   26  12  4.1  1.6    0.7  0.2     4.5    4.3  1.51 112 0.7 IA 0
 200 13 29 47.08 47 11 21.38   20.5  2.2  5.5   33   0  8.1  1.9    1.7  0.3    22.0   10.6  3.06  98 0.4 IA 1
 201 13 29 43.03 47 11 21.99   15.9  1.9  4.6   33   0  5.7  2.7    0.5  0.3    11.0   10.6  4.67 154 0.5 SA 1
 202 13 29 47.91 47 11 34.17   19.1  1.9  5.0   35  16 10.6  3.6    1.6  0.4    40.6   25.4  5.72  74 0.9 IA 0
 203 13 29 58.87 47 11 47.79   17.5  1.9  4.9   33   0  4.7  1.8    0.5  0.2     7.4    5.7  3.20 173 0.9 IA 1
 204 13 30  1.54 47 12 14.82   14.4  1.7  4.2   33   0  2.5  1.6    0.4  0.2     2.1    2.7  1.26  58 0.7 SA 1
 205 13 29 58.82 47 10 43.58   23.4  2.2  5.1   25  13 12.8  3.8    1.3  0.4    41.6   41.1  7.50  82 0.8 IA 0
 206 13 29 45.34 47 10 47.61   30.5  4.7 11.1  161   9  7.1  0.5   22.8  1.2    84.1   11.7  0.85  92 0.2 IA 0
 207 13 29 47.15 47 10 59.26   36.8  2.7  7.1   97  11  8.7  2.2    5.6  0.5    76.3   35.9  3.13 140 0.7 IA 0
 208 13 29 49.89 47 11 11.63   40.6  2.4  6.2   82  11 17.4  2.5    6.4  0.8   258.5   74.1  9.21  94 0.7 SA 0
 209 13 29 44.21 47 11 15.63   22.9  1.9  5.3   68  11  6.7  1.4    2.2  0.4    32.1   15.9  3.39  98 0.7 SA 0
 210 13 29 46.57 47 11 16.48   29.1  2.9  7.5   62  10  5.7  1.2    4.1  0.3    20.6    9.0  1.17 134 0.6 IA 0
 211 13 29 46.32 47 11 18.81   27.8  2.4  6.0   44  15  9.5  2.5    1.9  0.4    41.9   27.3  5.08  20 0.6 IA 0
 212 13 29 59.19 47 11 24.74   26.2  1.8  4.7   30  15 10.1  3.5    0.8  0.4    31.8   36.3  9.45 139 0.6 SA 0
 213 13 29 48.37 47 11 30.55   19.1  2.3  5.4   44  18  4.3  1.6    1.5  0.3     8.6    7.1  1.33   9 0.5 IA 0
 214 13 30  4.42 47 11 46.82   27.6  6.3  4.9   33   0  5.2  3.0    1.5  0.7     9.2   10.5  1.36 113 0.4 IA 1
 215 13 29 45.08 47 10 23.59   32.5  7.5  8.3   93   9 11.6  2.0   17.0  1.6   131.1   43.8  1.77  49 0.6 SA 0
 216 13 29 43.12 47 10 25.81   27.7  4.8  5.5   65  10  4.8  1.5    5.9  1.0    15.5   10.2  0.61 112 0.5 IA 0
 217 13 29 45.53 47 10 32.99   35.3  3.2  5.5   66  11  9.9  1.9    5.7  0.8    68.3   30.9  2.75  48 0.5 IA 0
 218 13 29 43.76 47 10 38.99   29.6  2.5  5.2   85  24  5.1  1.6    2.7  0.6    22.8   15.1  1.91 161 0.6 SA 0
 219 13 29 41.24 47 10 57.24   20.2  2.8  5.7   33   0  2.9  1.5    0.6  0.3     2.9    2.9  1.06 135 0.8 IA 1
 220 13 29 41.53 47 10 57.46   24.0  2.6  5.5   33   0  3.6  2.1    0.7  0.3     4.5    5.3  1.39 168 0.8 IA 1
 221 13 29 47.87 47 10 57.25   36.3  3.0  7.7   97  10  8.2  1.6    8.1  0.6    68.1   24.2  1.93  70 0.6 IA 0
 222 13 29 45.52 47 11  0.99   30.1  2.5  6.7   94  14  4.2  1.2    3.9  0.6    17.3    9.8  1.03 144 0.9 IA 0
 223 13 30  1.02 47 11 18.58   24.5  2.5  4.8   33   0  2.2  2.2    0.5  0.2     1.7    3.3  0.83 165 0.5 SA 1
 224 13 29 58.56 47 11 35.04   54.7  2.0  6.3   33   0 25.0  4.7    1.4  0.2   211.5   80.1 35.80 121 0.6 IA 1
 225 13 29 53.66 47 10 57.65   29.9  2.3  6.1   33   0  3.1  2.1    0.3  0.1     3.2    4.4  2.11   4 0.7 SA 1
 226 13 29 54.08 47 11 11.82   61.3  3.5  9.3  180   8 12.1  0.9   18.9  0.8   276.3   48.5  3.36  13 0.5 CR 0
 227 13 29 59.32 47 11 27.58   50.6  3.4  8.9   40   8 11.1  3.3    3.0  0.3    50.7   33.8  3.93 103 0.3 SA 0
 228 13 30  2.60 47 11 50.05   39.9  3.9  7.1  105  12  7.1  1.1    7.9  0.5    55.4   24.9  1.61  80 0.5 IA 0
 229 13 29 45.60 47 12  5.98   38.4  2.4  6.0   17  10  7.2  4.7    0.9  0.2     9.4   13.5  2.32  94 0.8 SA 0
 230 13 29 46.75 47 10 45.89   39.8  2.6  6.2   42  10  7.9  2.4    2.2  0.3    27.5   22.3  2.85  87 0.3 IA 0
 231 13 29 48.20 47 10 46.78   47.5  2.8  7.0  123  12  8.3  1.3    9.1  1.0    87.6   29.0  2.21  39 0.6 IA 0
 232 13 29 46.69 47 10 53.61   42.7  2.4  6.5   75   8  6.5  1.5    4.8  0.7    33.0   14.9  1.57  83 0.6 IA 0
 233 13 29 55.74 47 10 57.76   36.1  1.9  4.7   33   0  6.0  3.0    0.9  0.4    12.1   12.0  3.07 172 0.5 SA 1
 234 13 29 44.53 47 11 16.02   36.1  1.9  4.9   33  10  6.7  1.9    1.4  0.5    15.3   10.3  2.52  41 0.6 SA 0
 235 13 30  0.68 47 11 24.72   40.8  2.7  6.3   92  16  6.6  1.5    4.8  0.6    42.3   19.9  2.00  89 0.5 SA 0
 236 13 29 56.81 47 11 39.42   38.8  1.6  4.3   36  16  6.0  2.8    1.2  0.4    13.6   11.8  2.51  10 0.6 SA 0
 237 13 29 48.71 47 11 48.17   39.9  1.8  4.6   19  14  7.0  2.4    1.1  0.4     9.7    8.9  1.96  20 0.7 IA 0
 238 13 29 48.53 47 10 20.62   38.9  5.5  4.5   33   0  3.4  2.1    1.8  0.7     4.0    4.8  0.52  40 0.7 IA 1
 239 13 29 52.64 47 10 21.00   54.0  5.7  5.2   68  15  9.9  3.0    6.3  1.5    69.0   45.4  2.53  78 0.4 IA 0
 240 13 29 46.62 47 10 24.44   43.1  5.4  5.5   49  13  7.1  1.8    4.1  0.8    25.7   13.7  1.43  86 0.7 IA 0
 241 13 29 43.99 47 10 34.73   40.1  3.2  5.2   21  12  6.8  2.8    1.4  0.3     9.8   10.5  1.66  16 0.8 SA 0
 242 13 29 56.90 47 10 34.47   44.6  3.6  6.4   33   0  7.7  2.4    2.2  0.5    20.0   12.4  2.08  95 0.5 IA 1
 243 13 29 58.14 47 10 46.68   44.9  3.0  7.3   41  10  5.0  1.5    2.3  0.3    10.4    7.3  1.04 161 0.4 IA 0
 244 13 29 49.47 47 11 10.52   48.7  2.8  6.9   61  14  5.8  1.5    3.2  0.4    21.5   15.5  1.52  33 0.5 SA 0
 245 13 29 59.53 47 11 31.88   67.0  2.4  6.5   66   8 12.2  2.6    4.6  0.4   101.9   45.2  5.09  54 0.7 IA 0
 246 13 29 59.68 47 11 36.28   50.3  2.4  6.6   65  12  7.0  1.8    3.1  0.4    33.2   18.0  2.46 135 0.5 IA 0
 247 13 30  2.04 47 11 38.78   52.6  2.4  4.4   40  17  7.2  3.2    2.5  0.8    21.6   20.3  2.01  20 0.4 IA 0
 248 13 30  2.98 47 12 29.14   41.9  2.7  4.8   33   0  6.7  3.6    0.6  0.2    15.3   16.3  5.79  12 0.5 IA 1
 249 13 29 57.27 47 10 24.66   43.5  4.4  5.2   33   0  4.0  2.1    1.4  0.4     5.4    5.8  0.88 113 0.5 IA 1
 250 13 29 46.07 47 10 35.07   40.6  2.7  4.9   32  12  2.6  1.2    1.6  0.4     2.3    1.9  0.33 118 0.6 IA 0
 251 13 30  0.87 47 10 56.16   52.7  5.3  6.9   51  10 10.3  2.0    4.6  0.9    56.1   26.5  2.82  53 0.9 IA 0
 252 13 29 48.73 47 11 29.11   48.8  1.8  4.6   25  11  7.1  3.1    0.8  0.3    13.0   14.6  3.86 150 0.7 SA 0
 253 13 30  2.28 47 11 41.91   50.7  3.9  7.4   90  10  4.8  1.1    5.2  0.6    21.4   11.2  0.94 114 0.7 IA 0
 254 13 29 53.39 47 12  1.27   41.0  2.0  4.7   33   0  3.3  2.2    0.5  0.3     3.7    4.9  1.82  14 0.9 CR 1
 255 13 29 48.94 47 10 21.99   54.8  4.9  4.4   26  16  7.5  2.6    2.6  0.8    14.9   14.2  1.30  20 0.9 IA 0
 256 13 29 56.80 47 10 33.58   73.9  3.5  6.1   66  11 10.9  3.6    3.9  0.5    81.7   48.9  4.83  99 0.7 IA 0
 257 13 29 48.18 47 10 39.06   56.2  2.8  6.2   33   0  7.0  3.5    1.0  0.2    16.5   16.3  3.89  62 0.8 IA 1
 258 13 29 47.70 47 10 49.17   47.3  1.5  4.0   30  10  4.4  1.5    0.9  0.6     5.9    4.9  1.45 150 0.5 IA 0
 259 13 29 53.91 47 11  3.36   51.5  1.7  4.8   33   0  4.8  2.6    0.4  0.3     7.8    8.5  4.02  21 0.6 SA 1
 260 13 29 53.37 47 11  4.79   75.2  2.0  6.0   62   9 15.3  2.6    4.2  0.5   151.2   64.6  8.33  30 0.5 SA 0
 261 13 29 59.32 47 11 31.58   45.7  1.5  4.4   33   0  2.4  1.5    0.5  0.2     2.0    2.5  0.98  12 0.6 IA 1
 262 13 29 49.22 47 10 27.61   67.9  5.3  7.9  137  10  7.1  0.9   17.4  1.3    71.5   17.6  0.94  75 0.8 IA 0
 263 13 29 57.64 47 10 36.13   71.9  3.2  6.7  151  11 10.5  1.3   11.0  0.8   172.9   47.0  3.62 138 0.7 IA 0
 264 13 29 54.15 47 10 37.28   86.0  6.1 14.7  206   8 11.1  0.9   48.3  1.3   264.6   43.5  1.26  45 0.3 IA 0
 265 13 29 50.34 47 10 55.48   58.7  2.7  6.8   43   9  6.1  1.5    2.5  0.5    16.6   10.1  1.55 117 0.4 SA 0
 266 13 29 53.68 47 11  4.97   55.0  1.5  4.3   33   0  7.7  4.3    0.7  0.3    20.1   22.2  7.03 134 1.2 SA 1
 267 13 29 51.90 47 10 25.34   69.2  5.8  7.1   85   7  5.6  1.5    7.1  0.8    28.0   16.1  0.90  46 1.0 IA 0
 268 13 29 55.04 47 10 56.66   60.6  2.0  5.3   45  13  5.3  2.8    1.4  0.3    13.1   12.8  2.13 101 0.5 SA 0
 269 13 29 50.20 47 11  1.46   67.9  2.4  6.6   77  13  7.3  1.8    3.1  0.4    42.4   20.6  3.19 124 0.7 SA 0
 270 13 29 52.10 47 10 19.88   68.1  5.5  4.6   37  14  8.0  2.9    3.4  0.9    24.3   20.1  1.64 108 0.5 IA 0
 271 13 29 56.87 47 10 25.18   70.3  5.5  6.8   86  14  7.1  1.5    7.2  1.1    44.5   21.6  1.41  75 0.8 IA 0
 272 13 29 50.02 47 10 34.69   72.7  2.3  4.6   33   0  7.4  3.0    1.3  0.5    18.5   14.8  3.27 115 0.3 IA 1
 273 13 29 47.55 47 10 43.00   60.4  2.0  5.0   33   0  2.4  1.8    0.4  0.2     1.9    3.0  1.17 133 0.7 IA 1
 274 13 29 58.56 47 10 49.33   72.6  5.2 12.7  106  11  5.2  0.7    7.6  0.4    30.2    8.1  0.91   5 0.2 IA 0
 275 13 30  0.29 47 10 49.53   72.2  3.4  4.5   29  11  8.0  3.9    1.3  0.6    18.9   23.1  3.31  70 0.6 IA 0
 276 13 29 59.27 47 10 50.55   68.5  2.7  5.3   33   0  5.3  2.5    0.8  0.2     9.6    8.9  2.85 178 0.8 IA 1
 277 13 29 50.74 47 10 23.16   72.0  5.9  6.2   33   0  6.9  5.8    1.7  0.4    16.3   27.3  2.21 162 0.7 IA 1
 278 13 29 56.42 47 10 31.22   71.6  3.5  5.6   50  13  3.5  1.0    2.1  0.5     6.5    4.2  0.70 179 0.4 IA 0
 279 13 29 53.03 47 10 35.23   85.9  3.6  7.9   66   7  7.7  1.7    4.2  0.4    40.9   20.6  2.23 153 0.3 IA 0
 280 13 29 54.74 47 10 24.41   78.2  3.2  4.3   33   0  5.9  5.6    0.8  0.4    11.6   22.0  3.51  39 0.6 IA 1
 281 13 29 58.95 47 10 38.12   72.3  3.2  5.9   33   0  5.4  2.9    0.8  0.1     9.8   10.6  2.78 128 0.6 IA 1
 282 13 29 58.23 47 11 30.35   76.5  1.5  4.4   33   0  6.4  2.2    0.7  0.3    14.0    9.7  4.75 156 0.3 IA 1
 283 13 29 52.83 47 12  1.78   71.0  1.9  5.4   33   0  3.0  1.1    0.6  0.2     3.0    2.2  1.17  99 0.4 CR 1
 284 13 29 51.55 47 10 35.27   81.5  4.5 10.1   53   9  8.5  2.1    3.8  0.4    39.6   19.8  2.37  96 0.6 IA 0
 285 13 29 55.06 47 10 33.86   97.3  2.4  5.6   81  11 11.7  3.4    3.4  0.6   115.4   63.5  7.87  94 0.8 IA 0
 286 13 29 57.22 47 10 36.79   83.5  2.8  6.7   20   9  6.1  1.7    1.4  0.3     7.6    5.8  1.26 147 0.6 IA 0
 287 13 29 49.08 47 11 25.93   85.2  1.6  4.5   33   0  5.8  2.5    0.4  0.2    11.5    9.9  6.62 154 0.5 SA 1
 288 13 29 59.25 47 11 33.76   81.1  1.6  5.0   51  15  6.7  2.4    1.1  0.3    23.6   21.6  4.82   2 0.6 IA 0
 289 13 29 41.63 47 11 37.24   75.2  4.1  4.7   33   0  1.8  1.1    0.6  0.4     1.1    1.3  0.43 119 0.8 IA 1
 290 13 29 48.89 47 11 39.94   86.4  1.8  5.4   44  12  6.5  2.6    1.0  0.2    19.3   15.6  4.40 103 0.8 SA 0
 291 13 29 56.06 47 10 35.86   97.3  3.1  8.2   91  11  7.2  0.9    6.4  0.4    48.6   14.7  1.75  39 0.4 IA 0
 292 13 29 49.80 47 12 10.33   89.6  1.3  4.2   33   0  2.6  2.8    0.3  0.1     2.3    5.0  1.90 149 1.1 IA 1
 293 13 29 49.69 47 11 25.63   96.4  1.8  5.9   33   0  6.3  2.6    0.9  0.2    13.6   11.0  3.48 122 0.4 SA 1
 294 13 29 59.75 47 11 26.51   90.1  1.6  5.0   33   0  1.6  0.7    0.4  0.2     0.9    0.8  0.60 133 0.5 SA 1
 295 13 29 54.94 47 11 50.54  113.6  1.4  5.0   32  10 11.5  2.6    1.1  0.4    44.3   17.4  9.02  91 0.6 CR 0
 296 13 29 55.45 47 10 37.47  103.3  2.2  6.2   54  10  8.1  2.0    3.1  0.3    36.3   16.5  2.67   7 0.7 IA 0
 297 13 30  0.08 47 10 40.68  101.2  3.7  5.6   33   0  4.8  2.6    0.9  0.3     7.9    8.5  1.99 107 0.8 IA 1
 298 13 30  2.43 47 11 16.32   95.3  4.4  5.5   33   0  2.5  1.9    0.7  0.3     2.1    3.3  0.70 127 0.7 IA 1
 299 13 29 54.20 47 11 17.39   98.5  1.7  6.4   33   0  6.0  3.2    0.5  0.2    12.3   13.0  5.66 100 0.5 CR 1
 300 13 29 58.09 47 10 34.02   99.9  2.2  5.3   33   0  2.0  1.3    0.4  0.2     1.3    1.7  0.72   3 0.8 IA 1
 301 13 29 50.81 47 10 40.08  100.0  1.8  5.3   33   0  3.9  3.0    0.5  0.2     5.1    8.0  2.45  44 0.6 IA 1
 302 13 29 51.21 47 11 19.62  109.2  1.2  4.5   33   0  2.9  1.7    0.2  0.2     2.9    3.3  2.66  73 0.5 CR 1
 303 13 29 45.35 47 11 33.99  111.3  1.4  4.8   21  12  6.4  2.5    0.7  0.2     9.1    8.9  3.00 170 0.6 IA 0
 304 13 29 51.82 47 10 23.65  114.7  2.9  4.7   33   0  4.1  1.7    1.7  0.5     5.7    4.7  0.76 129 0.4 IA 1
 305 13 29 48.66 47 10 31.97  110.8  2.1  5.1   33   0  3.2  2.7    0.5  0.1     3.4    5.8  1.75 163 0.4 IA 1
 306 13 29 57.72 47 10 33.45  115.8  2.5  6.3   33   0  3.6  3.9    0.5  0.1     4.4    9.4  2.20 161 0.9 IA 1
 307 13 29 51.52 47 11  7.54  111.9  1.2  4.7   12  13  5.8  4.6    0.3  0.1     4.1    8.7  3.14  86 0.8 SA 0
 308 13 29 53.64 47 10 43.88  132.6  1.3  4.7   33   0 13.5  6.4    0.7  0.3    61.3   58.7 20.04 168 0.7 SA 1
 309 13 29 50.89 47 11 45.80  125.3  1.5  5.7   33   0  2.5  1.5    0.4  0.1     2.1    2.5  1.10 128 0.6 CR 1
