Title: A Uniform Catalog of Molecular Clouds in the Milky Way 
Authors: Rice T.S., Goodman A.A., Bergin E.A., Beaumont C., Dame T.M. 
Table: Cloud Catalog
================================================================================
Byte-by-byte Description of file: apj523087t3_mrt.txt
--------------------------------------------------------------------------------
   Bytes Format Units Label     Explanations
--------------------------------------------------------------------------------
   1-  6 F6.2   deg   GLON      Galactic Longitude
   8- 12 F5.2   deg   GLAT      Galactic Latitude 
  14- 20 F7.2   km/s  vLSR      Velocity relative to the Local Standard of Rest
  22- 25 F4.2   deg   {sigma}r  Spatial size, {sigma}_r
  27- 30 F4.2   km/s  {sigma}v  Line width {sigma}_v
  32- 36 F5.2   kpc   Distance  ? Kinematic Distance 
  38- 38 A1     ---   KDA       [AFNU] KDA resolution: N=near, F=far, 
                                   U=unambiguous, or A=ambiguous
  40- 45 F6.2   pc    R         ? Cloud Radius
  47- 55 E9.2   Msun  Mass      ? Cloud Mass
--------------------------------------------------------------------------------
 13.29 -0.10   97.17 0.08 3.63  9.30 F  25.91 3.65e+04  
 13.55  0.32  136.71 0.09 1.84  8.11 U  25.17 3.70e+04  
 13.72 -0.14  151.00 0.17 5.04  8.10 U  45.02 2.01e+05  
 13.74 -0.21   98.51 0.07 2.90  9.28 F  21.21 9.39e+04  
 13.84 -0.06   80.68 0.14 5.04 10.12 F  48.07 2.34e+05  
 13.94  0.22   47.01 0.07 1.36  4.10 N   9.13 3.77e+04  
 14.04 -0.88   56.74 0.10 1.56  4.64 N  15.38 3.45e+04  
 14.07  0.76   52.35 0.06 4.38       A                  
 14.14 -0.59   20.08 0.18 1.69  2.09 N  12.14 9.76e+04  
 14.21  0.40  122.42 0.22 4.23  8.08 N  60.14 3.23e+05  
 14.22 -0.20   39.72 0.17 2.15  3.59 N  20.61 3.01e+05  
 14.38  0.41   23.53 0.07 4.56       A                  
 14.55 -0.90  115.36 0.09 3.00  8.07 U  24.75 3.98e+04  
 14.61 -0.34   59.13 0.13 1.75  4.68 N  19.85 7.29e+04  
 14.68 -0.00   66.42 0.06 2.30 10.86 F  22.09 1.74e+05  
 14.70 -2.24   -7.96 0.17 0.95 16.75 U  97.17 7.82e+04  
 14.82 -0.10  116.26 0.08 3.04  8.06 U  22.61 8.39e+04  
 15.05 -0.68   75.77 0.27 3.56  5.46 N  49.15 1.67e+05  
 15.09 -0.04  137.60 0.18 2.87  8.05 U  47.91 2.40e+05  
 15.15  1.01   42.12 0.17 2.32  3.63 N  19.86 3.15e+04  
 15.25 -0.09   99.99 0.19 3.98  9.33 F  60.15 2.82e+05  
 15.35 -1.09   55.91 0.13 1.93  4.40 N  18.34 6.52e+04  
 15.54 -0.06   -8.67 0.06 1.53 16.75 U  33.91 6.97e+04  
 15.60 -0.39   57.83 0.15 1.61  4.47 N  22.82 7.49e+04  
 15.62 -0.01  119.93 0.13 3.75  8.03 U  34.12 5.17e+04  
 15.76 -2.23   -8.40 0.08 0.81 16.68 U  43.40 2.88e+04  
 15.79  2.04   25.97 0.26 2.19  2.43 N  21.10 3.37e+04  
 15.82 -0.46   81.65 0.13 4.82  5.62 N  24.05 6.76e+04  
 16.03 -3.67   -8.80 0.09 1.14 16.71 U  49.50 2.48e+04  
 16.07 -0.62   66.31 0.04 2.79       A                  
 16.24 -1.02   56.80 0.17 2.56  4.33 N  24.79 2.19e+05  
 16.42 -0.11  103.08 0.11 3.25  9.24 F  32.54 1.02e+05  
 16.61 -0.38   45.39 0.31 4.70  3.65 N  37.54 7.71e+05  
 16.69 -0.26  127.99 0.10 1.60  7.99 U  25.24 5.43e+04  
 16.79  0.37  110.80 0.19 2.86  7.04 N  44.13 7.01e+04  
 16.80 -0.63   86.81 0.06 3.09       A                  
 16.93 -0.11   -5.88 0.08 1.24 16.20 U  43.69 4.57e+04  
 16.96 -0.20   96.21 0.14 2.61  6.18 N  29.10 3.49e+04  
 16.97  0.53   22.77 0.46 3.41  2.08 N  31.59 2.95e+05  
 17.30 -1.40   38.26 0.09 7.18  3.14 N   9.82 6.38e+04  
 17.34  0.07   83.25 0.09 3.11 10.22 F  29.17 8.68e+04  
 17.41 -0.70   63.11 0.14 3.69  4.52 N  20.93 9.69e+04  
 17.58  0.33   -7.59 0.11 0.77 16.35 U  62.17 3.83e+04  
 17.81 -0.31  100.31 0.27 3.56  6.30 N  55.77 1.72e+05  
 17.85  0.12  128.29 0.09 1.30  7.94 U  24.76 6.23e+04  
 18.30 -0.76   49.99 0.04 2.46       A                  
 18.32  2.51   27.35 0.45 1.73  2.32 N  34.32 1.14e+05  
 18.40 -0.27   47.78 0.24 3.79  3.60 N  28.34 3.85e+05  
 18.81 -0.46   65.74 0.22 3.18  4.51 N  33.21 6.51e+05  
 18.81  0.09  110.88 0.13 2.06  6.85 N  29.88 9.79e+04  
 18.91 -1.62   -7.88 0.09 1.53 16.24 U  49.03 3.63e+04  
 19.07 -0.86   45.11 0.14 3.56  3.39 N  16.16 7.07e+04  
 19.28  0.14   23.75 0.25 3.96 13.39 F 111.92 3.30e+06  
 19.33 -0.16  100.18 0.12 2.05  6.16 N  25.40 7.29e+04  
 19.55 -0.85   -6.11 0.09 1.43 15.95 U  49.72 3.73e+04  
 19.60  0.04  120.32 0.27 3.87  7.86 U  71.60 7.48e+05  
 19.73  0.35   88.39 0.11 2.73  5.53 N  20.73 6.40e+04  
 19.84 -0.20   66.49 0.17 5.39 11.02 F  60.60 1.31e+06  
 19.96 -0.69   44.22 0.18 2.83  3.26 N  19.75 2.19e+05  
 20.15  0.22   -9.90 0.16 1.72 16.32 U  88.05 1.63e+05  
 20.22 -0.73   64.26 0.11 2.64  4.31 N  15.49 5.59e+04  
 20.49  0.46   52.16 0.08 4.49       A                  
 20.49  0.05   77.91 0.11 2.06  4.96 N  18.64 1.04e+05  
 20.53  0.44   23.03 0.14 5.11       A                  
 20.88 -0.18   35.05 0.20 5.74 12.64 F  83.28 1.52e+06  
 20.89 -1.39   53.01 0.14 2.70  3.68 N  17.51 5.61e+04  
 21.08 -0.55   70.05 0.10 2.93  4.53 N  15.71 7.21e+04  
 21.09 -0.10   62.14 0.18 5.20 11.21 F  68.28 9.41e+05  
 21.10  0.01   93.63 0.09 1.90  5.68 N  17.64 6.50e+04  
 21.25  0.02   74.16 0.09 1.70  4.72 N  13.66 6.43e+04  
 21.28  1.51   31.83 0.46 2.21  2.42 N  37.20 1.46e+05  
 21.38 -0.21   89.78 0.00 3.29  5.47 N   0.00 3.00e+04  
 21.38  0.03  117.10 0.18 4.00  7.92 F  48.52 3.41e+05  
 21.63  0.38  -17.39 0.08 0.88 17.03 U  46.21 2.81e+04  
 21.64  0.06   93.25 0.07 1.88  5.63 N  13.08 3.25e+04  
 21.78 -0.40   82.89 0.11 2.55  5.11 N  19.28 1.61e+05  
 21.97 -0.29   52.36 0.32 2.24  3.57 N  37.88 2.95e+05  
 22.02 -0.23   -9.45 0.09 1.81 16.01 U  47.74 6.91e+04  
 22.10 -1.06   65.07 0.16 3.54  4.21 N  21.83 1.23e+05  
 22.34  0.94  104.79 0.07 2.32       A                  
 22.53 -1.66  102.89 0.10 5.23  6.12 N  19.78 5.26e+04  
 22.60 -0.17   28.14 0.09 2.27 12.97 F  37.94 2.90e+05  
 22.64 -0.02  109.14 0.19 4.09  8.71 F  53.62 5.85e+05  
 22.81 -1.02   95.03 0.13 3.75       A                  
 22.83  0.49   94.25 0.07 2.90  5.63 N  12.36 7.41e+04  
 23.04 -0.22   76.99 0.26 6.78 10.42 F  90.34 5.54e+06  
 23.22  0.12   21.84 0.17 3.34 13.33 F  74.62 1.21e+06  
 23.36 -1.32  113.28 0.11 4.17       A                  
 23.41 -0.43  -11.92 0.08 1.54 16.09 U  44.95 5.97e+04  
 23.42 -0.16   98.93 0.09 3.87  9.29 F  28.78 7.76e+05  
 23.45 -0.04   37.23 0.05 2.09 12.39 F  22.38 1.07e+05  
 23.72 -0.30   -8.41 0.08 1.93 15.68 U  43.20 3.16e+04  
 23.80  1.58   36.60 0.27 2.26  2.58 N  23.27 1.14e+05  
 23.96  0.05   80.66 0.09 1.46  4.88 N  14.48 6.71e+04  
 24.03  0.36   94.32 0.07 1.17  5.58 N  13.00 4.03e+04  
 24.17 -0.05   88.23 0.08 1.36  5.25 N  14.79 6.87e+04  
 24.20  0.09   35.21 0.12 2.97 12.46 F  50.45 5.80e+05  
 24.21 -0.37   -7.01 0.09 1.73 15.49 U  44.29 4.91e+04  
 24.34 -0.13   51.56 0.33 4.92 11.58 F 127.42 5.87e+06  
 24.35  0.22  108.96 0.23 4.73  6.56 N  50.20 1.74e+06  
 24.44 -0.87  100.39 0.07 2.71       A                  
 24.65 -0.19   91.63 0.10 5.61  9.58 F  30.30 5.42e+05  
 25.13 -0.70  105.80 0.10 1.49       A                  
 25.18 -0.00  -10.31 0.19 2.34 15.67 U  99.85 3.17e+05  
 25.31 -0.37   57.72 0.15 3.31  3.66 N  18.77 1.05e+05  
 25.71  0.01   27.34 0.14 2.85 12.80 F  57.90 4.70e+05  
 25.75 -0.31  114.54 0.10 2.61  7.51 U  25.41 1.68e+05  
 25.89  1.00   45.21 0.39 2.59  2.97 N  38.57 3.62e+05  
 26.00 -0.03  100.46 0.29 5.38  8.90 F  84.30 3.13e+06  
 26.05 -0.33   -5.42 0.10 3.38 15.10 U  47.98 1.01e+05  
 26.32  0.13   73.27 0.20 4.49 10.35 F  68.59 8.84e+05  
 26.39  1.13  110.54 0.14 1.52       A                  
 26.46 -0.66   64.94 0.14 3.43  3.98 N  18.75 1.35e+05  
 26.64  0.18   25.42 0.16 5.28 12.83 F  69.18 1.28e+06  
 26.67  0.57   86.83 0.11 2.16  5.12 N  18.72 8.77e+04  
 26.69 -0.07   65.58 0.15 2.37  4.01 N  19.67 4.81e+04  
 27.07 -0.11  -11.23 0.13 3.78 15.48 U  68.69 4.63e+05  
 27.20 -0.10   47.01 0.08 2.67 11.58 F  32.54 2.35e+05  
 27.24  0.18   33.12 0.09 5.55 12.33 F  38.01 5.34e+05  
 27.36 -0.34  107.27 0.08 1.48  6.62 N  18.19 5.15e+04  
 27.45 -0.96   85.79 0.11 1.68       A                  
 27.50  0.10   80.93 0.08 2.87  9.84 F  25.98 1.59e+05  
 27.64  0.07   96.92 0.20 2.73  5.73 N  37.39 3.77e+05  
 28.00  0.24   22.58 0.13 3.10 12.86 F  53.32 4.96e+05  
 28.09 -0.16   45.91 0.21 2.83  2.93 N  20.83 7.56e+04  
 28.45 -0.98   61.91 0.10 4.05       A                  
 28.67  0.08  106.45 0.06 1.88  6.77 N  13.05 8.59e+04  
 28.77 -0.09   78.76 0.34 3.32  4.66 N  52.29 1.10e+06  
 28.86  0.02   37.24 0.06 1.64 11.94 F  23.09 6.06e+04  
 28.93 -0.03   94.81 0.18 3.66  8.82 F  53.20 9.11e+05  
 28.98  2.28   32.83 0.33 1.50  2.17 N  24.02 3.25e+04  
 29.07 -0.02   48.93 0.13 2.31  3.07 N  13.21 3.33e+04  
 29.28 -0.17  -16.20 0.11 1.21 15.59 U  58.04 4.02e+04  
 29.61 -0.56   71.23 0.21 4.87  4.24 N  29.20 1.89e+05  
 29.88  2.51   42.52 0.30 3.65  2.70 N  27.17 8.22e+04  
 29.92 -1.14   71.82 0.11 3.36  4.27 N  16.20 6.49e+04  
 30.49 -0.04   96.05 0.28 7.82  8.41 F  77.71 6.56e+06  
 30.60 -0.77   78.66 0.11 2.43  4.66 N  16.26 4.08e+04  
 30.73  0.03   41.28 0.36 4.70 11.49 F 137.47 4.46e+06  
 30.78 -1.91   76.12 0.15 4.17  4.51 N  22.33 3.36e+04  
 30.79  0.21   61.65 0.07 2.40 10.42 F  25.19 7.05e+04  
 30.90 -0.15  -18.01 0.11 1.34 15.47 U  54.28 4.49e+04  
 30.99  0.38   79.63 0.09 1.81  4.72 N  13.62 9.06e+04  
 31.18  0.89   51.34 0.16 1.95  3.16 N  16.43 4.60e+04  
 31.27 -0.01   79.96 0.09 2.46  9.35 F  28.30 3.40e+05  
 31.29 -0.17   24.36 0.07 2.66 12.36 F  30.43 7.51e+04  
 31.60  0.30  -18.63 0.25 3.25 15.40 U 127.23 4.88e+05  
 31.63 -0.38   99.63 0.10 3.09  7.64 F  26.07 1.74e+05  
 31.88  0.14   96.83 0.13 1.52  6.08 N  26.18 1.53e+05  
 31.89  1.23   57.85 0.16 3.60  3.50 N  19.15 4.11e+04  
 31.89  0.92  101.88 0.10 1.39  7.08 U  22.33 3.48e+04  
 32.00 -0.29   97.28 0.06 2.14  7.83 F  14.94 8.70e+04  
 32.31 -0.02   28.11 0.06 1.46 12.01 F  22.01 3.69e+04  
 32.59  0.59   96.69 0.07 2.13  6.23 N  15.25 3.98e+04  
 32.59  0.19   45.10 0.17 6.83 11.04 F  61.27 8.67e+05  
 32.70 -0.21   80.38 0.09 1.51  4.81 N  14.45 4.00e+04  
 32.73  0.60  -32.60 0.14 1.39 16.58 U  76.08 8.13e+04  
 32.73 -0.42   47.08 0.14 2.80  2.91 N  13.03 3.08e+04  
 32.77 -0.05   93.06 0.11 3.50  8.06 F  30.57 4.13e+05  
 32.97  0.97  106.41 0.19 2.26  7.00 U  44.93 7.79e+04  
 33.30  0.04   75.34 0.10 5.12  9.26 F  31.49 3.52e+05  
 33.45 -0.53   90.69 0.09 1.29  5.67 N  16.92 5.74e+04  
 33.56  0.82   97.98 0.12 3.15  6.95 U  27.89 1.34e+05  
 33.61  0.02  104.69 0.10 2.81  6.95 F  22.85 2.60e+05  
 33.66 -0.07   33.97 0.11 2.79 11.49 F  41.52 1.12e+05  
 33.89 -0.01   88.79 0.18 3.14  8.15 F  49.47 5.27e+05  
 34.00  0.10   38.13 0.03 2.70 11.21 F  12.43 8.10e+04  
 34.14  0.08   56.77 0.10 2.28 10.17 F  32.65 4.28e+05  
 34.29  0.31  -25.43 0.32 2.27 15.53 U 166.37 5.52e+05  
 34.44  1.13   94.51 0.14 2.44       A                  
 34.46 -0.81   57.04 0.16 2.15  3.46 N  17.97 9.86e+04  
 34.62 -0.04   78.63 0.13 2.64  8.78 F  36.66 6.14e+05  
 34.64 -0.99   90.77 0.12 2.15       A                  
 34.87  0.38   52.58 0.13 2.32  3.21 N  13.88 9.59e+04  
 34.99 -0.96   42.17 0.38 4.67  2.62 N  33.23 4.78e+05  
 35.28  0.49   92.47 0.13 2.23  6.70 N  28.85 9.08e+04  
 35.31 -0.05   92.07 0.07 1.89  6.45 N  14.15 3.09e+04  
 35.53  1.10   78.45 0.13 1.76  4.84 N  21.17 5.16e+04  
 35.54 -1.07   59.85 0.16 2.52  3.64 N  19.05 3.45e+04  
 35.64  0.01   29.24 0.36 1.57  1.86 N  22.43 4.23e+04  
 35.79  0.41   77.44 0.27 3.76  4.78 N  42.05 3.74e+05  
 36.10 -0.14   55.71 0.26 2.92  3.40 N  29.21 2.31e+05  
 36.20 -0.29  -40.48 0.10 1.61 16.66 U  52.85 3.70e+04  
 36.57  0.59  -28.55 0.11 1.51 15.36 U  56.67 8.38e+04  
 37.21 -0.11   82.97 0.34 4.25  7.65 F  85.08 1.51e+06  
 37.36 -0.10   41.85 0.18 2.97 10.45 F  63.64 4.46e+05  
 37.59  1.10  -40.00 0.08 0.59 16.26 U  44.26 2.97e+04  
 37.69 -0.21   48.75 0.06 2.08 10.00 F  20.22 8.07e+04  
 37.78 -0.48   74.36 0.09 1.20  4.72 N  14.37 3.13e+04  
 37.79  1.61   32.32 0.27 1.97  2.04 N  18.04 6.19e+04  
 37.90  0.29    2.66 0.14 2.66 12.70 F  57.88 4.26e+05  
 37.97 -0.01  -32.25 0.09 1.38 15.41 U  48.37 5.95e+04  
 38.11  0.17   40.70 0.11 3.07 10.38 F  37.03 2.18e+05  
 38.35  0.04  -15.19 0.07 1.08 13.88 U  33.51 2.19e+04  
 38.44  1.16   70.14 0.34 2.22  4.44 N  49.66 1.51e+05  
 38.57 -0.59   77.10 0.18 2.69  5.07 N  30.53 9.24e+04  
 38.61  0.03   81.52 0.08 1.94  5.65 N  15.92 5.61e+04  
 38.81  0.23  -35.02 0.31 3.92 15.48 U 159.02 4.17e+05  
 38.96 -0.42   42.17 0.15 2.20  2.64 N  12.81 4.32e+04  
 38.98  0.34  -16.70 0.10 1.37 13.88 U  47.99 4.82e+04  
 39.01 -0.81   72.76 0.11 2.24  4.72 N  17.47 4.86e+04  
 39.02  0.34  -46.49 0.07 0.76 16.63 U  41.35 2.26e+04  
 39.26  0.65  -43.18 0.09 1.00 16.21 U  50.12 3.65e+04  
 39.29 -2.24   32.17 0.26 1.49  2.04 N  17.78 3.38e+04  
 39.33 -0.32   61.02 0.32 4.15  3.84 N  40.93 5.26e+05  
 39.46  0.97   31.17 0.49 2.51  1.98 N  32.03 1.33e+05  
 39.91  0.44  -45.96 0.11 1.80 16.35 U  58.46 9.05e+04  
 40.53  2.54   32.19 0.30 1.51  2.05 N  20.52 3.62e+04  
 40.82 -0.14   26.23 0.13 5.82 10.71 F  46.80 4.26e+05  
 41.13 -0.58   75.42 0.10 1.45  5.51 N  18.78 4.01e+04  
 41.24 -0.07   39.24 0.22 2.97  9.85 F  70.81 1.40e+06  
 41.32  0.45  -38.48 0.15 1.31 15.25 U  76.44 8.13e+04  
 41.38  0.34  -23.28 0.11 1.39 13.92 U  48.65 4.46e+04  
 41.53 -0.83   32.00 0.47 2.50  2.05 N  31.84 8.84e+04  
 42.01  0.73  -29.40 0.22 5.12 14.29 U 106.16 5.61e+05  
 42.04  0.61   73.43 0.11 3.03  5.52 N  20.46 4.44e+04  
 42.04 -0.36   63.71 0.35 4.87  7.95 F  91.86 3.03e+06  
 42.18  0.33  -39.98 0.08 1.00 15.20 U  42.35 3.25e+04  
 42.44 -0.02   14.02 0.33 3.81 11.14 F 122.73 1.33e+06  
 42.68 -0.10  -43.40 0.11 1.75 15.41 U  55.06 1.03e+05  
 43.28 -0.28   41.27 0.23 2.43  2.69 N  20.42 5.56e+04  
 43.55  0.56  -13.87 0.16 2.51 12.76 U  68.21 1.61e+05  
 43.83 -0.02   52.90 0.05 2.20  8.32 F  14.40 3.45e+04  
 44.10  0.51  -19.37 0.21 5.91 13.06 U  92.59 2.55e+05  
 44.28  0.45  -48.39 0.18 2.21 15.52 U  94.72 2.99e+05  
 44.32 -0.25   61.46 0.27 3.40  4.39 N  39.06 2.65e+05  
 44.74  0.73  -30.26 0.14 1.77 13.77 U  66.09 6.84e+04  
 44.99 -2.07   27.47 0.33 1.36  1.82 N  20.15 4.76e+04  
 45.28  0.11   17.99 0.05 2.04 10.30 F  17.03 3.36e+04  
 45.48  0.90  -34.58 0.10 1.79 13.97 U  45.65 6.68e+04  
 45.62  0.11   60.82 0.22 3.50  6.92 F  51.37 5.47e+05  
 45.66 -0.01   11.94 0.23 4.13 10.61 F  82.18 5.56e+05  
 45.86  0.01   24.75 0.54 2.15  1.66 N  29.72 5.30e+04  
 45.92 -0.45   56.98 0.25 3.54  4.17 N  34.50 2.08e+05  
 46.24 -1.43   56.39 0.14 3.74       A                  
 46.55  0.24   10.66 0.20 5.82 10.50 F  70.36 4.46e+05  
 46.67  0.38  -42.74 0.08 1.19 14.40 U  37.44 3.01e+04  
 47.06  0.28   57.77 0.09 2.00  4.54 N  14.17 5.46e+04  
 47.44 -0.40   43.93 0.27 3.25  3.10 N  27.99 5.95e+04  
 47.58 -0.55   58.94 0.09 1.73  5.00 N  15.70 4.17e+04  
 47.77  0.56  -33.90 0.08 1.31 13.40 U  34.96 3.05e+04  
 47.83 -0.26   -1.18 0.07 1.33 11.00 F  25.98 3.51e+04  
 47.83 -0.66   68.02 0.11 2.17  5.60 U  20.83 6.14e+04  
 48.12 -0.64   56.57 0.18 2.20  4.71 N  27.92 9.23e+04  
 48.68  0.87  -37.46 0.18 2.30 13.49 U  81.12 1.48e+05  
 48.75  0.18   11.54 0.16 4.70  9.96 F  53.30 8.96e+05  
 49.24 -0.98   41.64 0.15 2.38  3.06 N  15.28 5.19e+04  
 49.31 -0.17   59.16 0.27 6.11  5.44 U  48.77 1.35e+06  
 49.35  0.20  -19.48 0.13 2.13 11.94 U  50.12 1.00e+05  
 50.03 -0.41   16.96 0.12 3.22  9.29 F  36.19 1.26e+05  
 50.05  0.07   55.24 0.09 1.18  5.35 N  16.08 3.71e+04  
 50.45 -0.18   63.93 0.12 1.20  5.31 U  21.24 3.55e+04  
 50.46 -0.37   43.28 0.34 3.20  3.37 N  37.94 1.86e+05  
 50.61  0.86   56.98 0.17 2.48  5.29 U  29.66 9.82e+04  
 50.90  0.97  -54.11 0.08 1.15 14.45 U  38.00 3.05e+04  
 51.57 -0.39   58.13 0.37 3.33  5.18 N  63.75 5.15e+05  
 51.84  0.36    4.39 0.08 1.35  9.72 F  26.40 6.41e+04  
 51.91  1.16  -47.23 0.10 1.88 13.58 U  46.37 9.96e+04  
 52.10  0.67  -53.24 0.08 1.11 14.08 U  36.75 2.79e+04  
 52.26  1.68   23.95 0.51 1.50  1.80 N  30.34 5.14e+04  
 52.33 -0.07   51.52 0.09 1.65  5.09 N  14.55 3.63e+04  
 52.56 -0.55   50.09 0.13 1.91  5.07 U  21.02 3.54e+04  
 52.73 -0.86   59.76 0.25 2.33  5.05 U  42.24 3.65e+05  
 52.76  0.73  -50.26 0.07 1.03 13.65 U  31.34 1.72e+04  
 52.78  0.32   44.34 0.13 1.85  4.04 N  17.65 5.19e+04  
 52.87  1.62  -43.21 0.11 0.76 13.00 U  48.03 2.40e+04  
 52.98  0.45  -19.15 0.24 3.23 11.12 U  88.95 1.83e+05  
 52.98  0.18    2.86 0.22 2.88  9.56 F  68.66 4.49e+05  
 53.36  0.03   23.94 0.48 3.02  1.84 N  29.34 1.02e+05  
 53.61  0.02  -31.76 0.10 1.12 11.92 U  38.92 2.38e+04  
 53.81  0.68   14.23 0.09 2.62  8.55 F  26.55 3.65e+04  
 53.99 -0.45   -8.01 0.22 1.75 10.09 U  73.18 1.87e+05  
 54.12 -0.30   39.41 0.31 3.68  3.56 N  36.39 9.50e+04  
 54.16  0.23   -4.55 0.09 1.88  9.80 U  30.44 7.31e+04  
 54.17  0.98  -46.33 0.14 1.66 12.97 U  58.78 1.52e+05  
 54.18  0.06  -30.36 0.10 1.49 11.68 U  37.38 4.19e+04  
 54.26 -0.07   51.65 0.10 2.50  4.87 U  16.88 4.81e+04  
 54.52  1.58  -38.82 0.07 1.32 12.26 U  26.72 2.03e+04  
 54.69  0.78   33.34 0.13 2.77  2.84 N  11.90 4.55e+04  
 54.96 -0.48  -15.47 0.07 1.30 10.40 U  23.94 3.32e+04  
 55.04 -0.37   -8.28 0.06 1.48  9.87 U  20.74 1.45e+04  
 55.11  1.61   -8.37 0.12 1.91  9.85 U  40.80 2.33e+04  
 55.23  0.50    8.29 0.17 3.97  8.62 F  49.26 1.67e+05  
 55.37  0.23   -7.53 0.20 1.94  9.73 U  64.90 2.34e+05  
 55.67 -0.89   44.44 0.15 3.75       A                  
 55.69  1.34  -11.04 0.12 1.14  9.90 U  37.96 2.96e+04  
 55.88  0.09   37.28 0.33 4.24  5.45 F  60.20 8.83e+05  
 56.35  0.49   -5.80 0.12 2.05  9.38 U  37.24 6.56e+04  
 56.41  1.77  -13.25 0.07 1.05  9.89 U  21.86 1.26e+04  
 56.72 -0.62  -10.86 0.08 1.74  9.66 U  24.58 3.17e+04  
 56.74  1.98  -54.27 0.12 1.70 13.05 U  53.40 10.00e+04 
 57.15  1.54  -61.90 0.07 0.90 13.66 U  32.39 1.87e+04  
 57.33  0.05   -2.88 0.28 3.49  8.93 F  81.62 9.67e+05  
 57.36  0.05   35.79 0.19 1.89  4.50 U  27.70 9.09e+04  
 57.37 -0.68  -14.84 0.07 1.34  9.79 U  24.28 5.48e+04  
 57.95 -0.58   -9.86 0.13 4.16  9.29 U  38.52 1.14e+05  
 58.60  0.52   33.37 0.25 5.52  4.35 F  35.82 4.20e+05  
 58.79 -0.02   -4.81 0.14 2.37  8.71 U  39.86 8.90e+04  
 59.17 -0.23   26.14 0.34 3.11  2.59 N  29.40 1.55e+05  
 59.24 -0.41   -5.73 0.07 1.78  8.67 U  20.01 3.25e+04  
 59.31 -0.51  -13.03 0.06 1.32  9.20 U  18.89 2.19e+04  
 59.33  0.05  -11.72 0.11 2.19  9.10 U  34.07 6.18e+04  
 59.43 -0.22  -33.68 0.10 1.80 10.73 U  34.90 3.23e+04  
 59.64  0.86  -49.05 0.09 0.72 11.92 U  36.06 1.20e+04  
 59.83  0.26   -4.45 0.15 3.54  8.43 U  41.90 2.22e+05  
 59.85  1.53  -64.44 0.08 1.16 13.25 U  37.00 3.18e+04  
 60.10 -0.69   45.40 0.28 2.43  4.16 U  38.48 5.32e+04  
 60.38  0.51  -52.90 0.08 1.70 12.08 U  33.11 2.80e+04  
 61.10  1.28  -17.18 0.12 1.58  9.09 U  35.91 2.88e+04  
 61.56  0.03   21.17 0.21 1.62  2.26 N  16.11 3.74e+04  
 61.74  1.46  -20.19 0.10 0.77  9.16 U  31.20 9.98e+03  
 61.78  1.08  -72.51 0.14 1.12 13.58 U  62.35 6.07e+04  
 61.84  2.16  -73.36 0.27 2.70 13.65 U 122.87 2.88e+05  
 61.86 -0.62  -18.84 0.11 1.31  9.03 U  31.52 1.24e+04  
 61.87 -1.81   28.93 0.32 1.69  3.93 U  42.17 4.60e+04  
 61.95  1.23  -63.72 0.07 1.02 12.68 U  29.21 1.70e+04  
 62.15  1.46  -21.89 0.08 0.77  9.19 U  25.87 8.33e+03  
 62.30 -0.12  -61.56 0.10 0.82 12.41 U  39.84 1.51e+04  
 62.32 -0.01  -12.36 0.51 3.64  8.43 U 141.50 1.45e+06  
 62.49  1.26  -53.32 0.10 1.09 11.62 U  36.76 1.82e+04  
 62.79 -0.26   26.99 0.29 2.27  3.81 N  37.15 1.08e+05  
 62.83  1.42  -22.83 0.09 0.82  9.10 U  26.40 1.05e+04  
 63.42 -0.88   -8.46 0.09 1.28  7.85 U  24.35 1.63e+04  
 63.50 -1.10   23.60 0.33 4.53  3.72 U  40.33 1.65e+05  
 63.61  2.88  -69.98 0.10 0.86 12.88 U  42.48 2.21e+04  
 64.01 -0.03   20.02 0.43 2.45  2.56 N  36.57 9.27e+04  
 64.04  1.24  -24.54 0.15 1.20  8.95 U  44.47 4.84e+04  
 64.61  0.33  -14.57 0.16 2.82  8.04 U  41.94 3.09e+05  
 64.77  1.12   -6.16 0.11 1.26  7.32 U  27.03 1.53e+04  
 64.96  0.34   -1.95 0.11 1.92  6.90 F  24.57 3.99e+04  
 65.19 -1.51   -7.64 0.27 1.78  7.33 U  65.79 4.50e+04  
 65.65  1.46  -70.40 0.20 3.29 12.44 U  81.39 2.13e+05  
 66.05  1.73  -42.65 0.09 1.04  9.93 U  28.62 1.30e+04  
 66.07 -0.02    3.13 0.33 2.07  6.12 F  66.04 1.45e+05  
 66.14  0.12  -53.12 0.10 1.16 10.77 U  36.03 1.97e+04  
 66.44  0.60  -50.14 0.11 1.03 10.45 U  37.19 2.18e+04  
 66.44  1.77  -60.51 0.06 1.23 11.34 U  23.24 1.94e+04  
 66.53  1.00   21.23 0.21 1.81  3.32 U  22.75 3.31e+04  
 66.63  1.84  -38.59 0.09 0.69  9.47 U  27.10 7.58e+03  
 66.80  1.43  -69.13 0.10 0.96 12.05 U  39.95 2.03e+04  
 66.83  0.20  -14.66 0.26 2.55  7.51 U  64.97 8.27e+04  
 67.28 -0.37   -6.17 0.11 1.82  6.68 U  23.72 2.06e+04  
 67.49  1.29  -19.35 0.24 6.71  7.74 U  61.09 1.69e+05  
 67.63  0.74   -0.90 0.23 1.91  6.08 F  45.69 9.28e+04  
 67.73 -0.32   -9.45 0.06 1.90  6.84 U  14.64 5.24e+03  
 67.74  0.95  -50.45 0.20 1.35 10.19 U  68.56 5.78e+04  
 68.11  2.01  -69.41 0.10 1.41 11.78 U  39.78 3.50e+04  
 68.17 -1.21  -25.71 0.19 2.54  8.09 U  52.10 6.20e+04  
 68.23 -0.19   -9.23 0.08 1.47  6.70 U  17.62 1.08e+04  
 68.30  1.16  -62.47 0.16 2.97 11.11 U  59.31 1.19e+05  
 68.47  2.16  -50.17 0.11 1.84 10.00 U  36.37 4.05e+04  
 68.51  0.57  -15.09 0.12 1.20  7.14 U  28.16 2.17e+04  
 68.53  1.96  -24.97 0.14 1.41  7.95 U  36.75 3.68e+04  
 68.62  0.19    1.12 0.24 3.05  5.60 F  43.83 1.10e+05  
 68.80  1.86  -63.03 0.07 1.12 11.04 U  25.77 1.59e+04  
 69.06  0.89  -45.34 0.08 1.10  9.47 U  23.85 1.11e+04  
 69.11  0.82  -62.40 0.12 1.28 10.92 U  41.89 4.29e+04  
 69.31 -0.36   -1.92 0.17 3.33  5.73 F  31.56 5.17e+04  
 69.37  0.28  -10.45 0.07 0.86  6.52 U  14.68 3.56e+03  
 69.44  1.95  -23.91 0.09 2.62  7.65 U  23.14 3.68e+04  
 69.78 -0.10  -11.33 0.09 1.01  6.50 U  20.33 4.90e+03  
 69.81  0.51  -16.41 0.13 1.29  6.94 U  30.69 2.63e+04  
 70.15  1.16  -63.92 0.32 6.13 10.82 U 115.99 6.25e+05  
 70.36  1.69  -24.61 0.19 3.17  7.50 U  47.17 1.78e+05  
 70.82  0.71  -43.15 0.09 1.00  8.92 U  26.38 1.17e+04  
 71.13  0.48  -17.42 0.16 1.82  6.71 U  35.38 6.30e+04  
 71.23  0.99  -69.20 0.08 0.62 11.07 U  30.64 1.04e+04  
 71.43  1.89  -43.12 0.08 0.71  8.77 U  22.31 7.42e+03  
 71.62  1.53  -33.96 0.18 1.84  7.99 U  48.85 1.03e+05  
 71.65  0.43   -8.84 0.45 2.06  5.80 U  86.11 1.06e+05  
 72.14  0.32  -72.04 0.09 1.15 11.14 U  33.57 2.45e+04  
 72.35  0.68  -10.67 0.14 0.84  5.81 U  26.72 1.49e+04  
 72.44 -0.25  -23.83 0.14 0.99  6.96 U  32.19 1.44e+04  
 72.56 -1.40  -25.99 0.16 1.52  7.12 U  38.67 3.48e+04  
 72.80 -0.60  -27.18 0.17 1.35  7.17 U  39.38 1.74e+04  
 72.98  1.02  -60.09 0.19 5.95  9.88 U  62.25 1.44e+05  
 73.24  0.94  -62.64 0.07 2.00 10.05 U  22.92 2.59e+04  
 73.29  0.80   -5.81 0.09 1.35  5.07 U  14.87 5.84e+03  
 73.49  2.73  -28.94 0.07 1.23  7.15 U  17.19 7.48e+03  
 73.55  1.56  -58.58 0.20 2.38  9.63 U  63.01 1.10e+05  
 73.85  0.83  -69.30 0.12 1.40 10.53 U  40.40 4.22e+04  
 73.86  0.99  -54.01 0.09 1.17  9.17 U  27.13 1.27e+04  
 73.89  2.08   -7.78 0.37 4.40  5.13 U  62.20 1.78e+05  
 73.91  1.85   -9.90 0.25 1.95  5.34 U  44.39 7.68e+04  
 74.05 -0.23  -10.85 0.09 1.38  5.42 U  15.85 8.67e+03  
 74.06  1.55  -38.15 0.19 3.37  7.80 U  48.37 9.03e+04  
 74.12  1.53  -36.27 0.11 1.37  7.64 U  29.06 4.65e+04  
 74.16  0.67  -20.34 0.10 1.13  6.27 U  20.65 9.08e+03  
 74.27 -0.42  -31.19 0.13 1.46  7.19 U  30.69 4.97e+04  
 74.28 -0.36  -31.75 0.17 1.72  7.23 U  40.91 7.70e+04  
 74.41  1.46  -49.71 0.07 1.43  8.69 U  18.95 1.09e+04  
 74.42  1.14   -5.40 0.09 1.34  4.73 U  14.32 1.01e+04  
 74.47  1.14  -58.90 0.07 1.26  9.47 U  21.24 2.51e+04  
 74.53  1.66  -55.49 0.09 2.30  9.16 U  27.88 1.97e+04  
 74.89  1.02  -56.48 0.10 1.37  9.17 U  31.31 6.95e+04  
 75.37 -0.67  -27.58 0.11 1.76  6.64 U  24.31 1.26e+04  
 76.00  0.38  -16.72 0.14 1.57  5.52 U  26.51 1.56e+04  
 76.86 -0.05  -27.04 0.34 4.79  6.27 U  71.52 3.00e+05  
 76.96  1.30  -10.60 0.19 1.27  4.68 U  29.69 2.59e+04  
 77.04  3.66  -14.50 0.18 3.62  5.06 U  30.08 6.73e+04  
 77.85  0.66  -73.50 0.16 2.69 10.11 U  53.24 2.46e+05  
 78.11  1.98  -12.79 0.16 1.26  4.65 U  25.04 2.07e+04  
 78.20  0.14  -37.29 0.09 2.11  6.89 U  21.36 2.02e+04  
 78.32  0.82  -42.87 0.09 2.58  7.33 U  20.71 4.10e+04  
 78.33  0.84  -58.92 0.18 2.23  8.70 U  51.75 6.25e+04  
 78.74  1.34  -47.77 0.12 2.08  7.67 U  31.59 6.36e+04  
 79.11  0.81  -31.97 0.07 1.82  6.25 U  15.21 1.36e+04  
 79.72  1.61  -38.02 0.28 4.98  6.64 U  61.78 2.55e+05  
 79.77  0.90  -21.69 0.31 4.07  5.19 U  53.07 1.85e+05  
 79.96  1.25  -27.13 0.11 1.41  5.65 U  19.81 2.08e+04  
 80.68  1.17  -64.32 0.09 1.40  8.73 U  25.94 3.26e+04  
 80.78  1.14  -29.32 0.10 2.32  5.69 U  18.69 1.49e+04  
 81.16  1.63  -47.53 0.09 1.61  7.18 U  21.77 2.13e+04  
 81.32  4.02  -17.72 0.50 4.12  4.47 U  74.27 1.99e+05  
 81.41  2.08   -8.13 0.13 0.98  3.34 U  13.90 1.10e+04  
 81.59  0.13  -41.28 0.20 2.81  6.58 U  44.59 9.67e+04  
 81.77  0.74  -21.82 0.10 0.98  4.80 U  15.25 1.03e+04  
 82.11  0.82  -40.12 0.08 1.24  6.38 U  17.28 1.68e+04  
 82.81  2.46  -10.10 0.13 1.65  3.30 U  14.72 1.70e+04  
 83.36  0.87  -49.80 0.16 1.69  6.99 U  37.09 3.91e+04  
 83.39 -0.66  -42.71 0.11 1.53  6.37 U  23.35 1.87e+04  
 83.57  0.31  -39.30 0.25 2.50  6.05 U  50.33 8.26e+04  
 83.61  0.05   -8.97 0.09 3.84  2.99 U   9.05 9.18e+03  
 83.77  3.24  -10.58 0.14 1.39  3.17 U  14.70 9.63e+03  
 84.00  1.48  -39.03 0.12 0.97  5.95 U  23.49 8.78e+03  
 84.42 -0.07  -11.64 0.15 2.09  3.18 U  15.43 1.89e+04  
 84.67  0.67  -13.05 0.12 1.76  3.31 U  13.04 1.74e+04  
 84.68  3.52  -17.41 0.16 1.54  3.79 U  20.04 1.62e+04  
 84.70  1.71  -81.78 0.11 1.93  9.64 U  35.58 1.40e+05  
 84.78 -0.41  -39.26 0.36 3.91  5.84 U  70.21 3.50e+05  
 85.01  2.19  -49.44 0.12 1.02  6.66 U  27.19 1.48e+04  
 85.16  3.34   -9.37 0.14 1.27  2.72 U  12.95 1.44e+04  
 85.38  0.02  -35.43 0.09 1.57  5.40 U  16.15 2.64e+04  
 85.42  2.12  -75.06 0.12 1.50  8.88 U  36.50 6.55e+04  
 85.60  0.73  -73.53 0.07 2.03  8.70 U  20.72 2.85e+04  
 85.67  2.56  -52.49 0.11 1.27  6.82 U  24.32 1.87e+04  
 85.94  1.39  -51.31 0.19 3.60  6.68 U  43.01 8.38e+04  
 86.39  0.22  -14.70 0.38 3.15  3.19 U  40.52 1.29e+05  
 86.95 -1.51  -21.56 0.14 0.97  3.85 U  17.86 6.03e+03  
 86.97  0.66  -42.23 0.32 4.06  5.73 U  61.10 2.52e+05  
 87.47 -0.44  -16.81 0.15 3.10  3.25 U  16.17 1.21e+04  
 87.53  1.89  -12.96 0.51 7.90  2.79 U  47.34 1.06e+05  
 87.67  0.45  -58.59 0.08 1.67  7.03 U  17.91 1.48e+04  
 87.83 -0.18  -40.54 0.12 1.57  5.45 U  21.63 2.21e+04  
 87.89  3.05   -8.17 0.24 2.49  2.04 U  16.13 1.41e+04  
 88.34  0.44  -45.19 0.15 2.67  5.77 U  28.92 3.35e+04  
 88.40  0.58  -21.16 0.09 2.40  3.57 U  10.68 5.44e+03  
 88.48  1.53  -40.84 0.13 1.23  5.37 U  22.41 1.69e+04  
 88.50  1.91  -62.28 0.11 1.18  7.23 U  26.23 1.85e+04  
 88.51 -0.46  -45.63 0.09 1.62  5.78 U  17.69 1.81e+04  
 88.81  2.73  -15.20 0.25 3.49  2.85 U  23.88 3.16e+04  
 88.89 -1.56  -17.99 0.18 3.24  3.16 U  18.47 1.95e+04  
 89.30  1.42  -22.14 0.14 2.57  3.53 U  15.94 7.82e+03  
 89.34 -0.01   -9.31 0.15 1.61  2.00 U   9.99 1.23e+04  
 89.89 -0.18  -47.75 0.09 1.55  5.77 U  17.91 9.77e+03  
 90.24 -0.73  -35.86 0.31 1.95  4.68 U  47.67 1.80e+05  
 90.26  2.56  -82.15 0.16 1.44  8.80 U  47.31 3.09e+04  
 90.28  2.97  -11.32 0.14 1.32  2.14 U  10.01 4.13e+03  
 90.52 -0.36  -24.30 0.38 2.15  3.57 U  44.75 7.96e+04  
 90.54  1.73  -62.38 0.11 1.25  6.94 U  25.37 3.32e+04  
 90.65 -1.31  -19.98 0.11 2.01  3.12 U  11.87 4.25e+03  
 90.92  1.54  -71.48 0.14 1.47  7.70 U  34.67 3.32e+04  
 91.01  0.89  -12.33 0.10 2.42  2.18 U   7.59 5.14e+03  
 91.17 -0.06  -12.99 0.17 1.92  2.25 U  12.52 9.49e+03  
 91.19  1.70  -30.55 0.19 1.42  4.06 U  25.11 3.81e+04  
 91.46  1.04  -51.12 0.16 1.39  5.83 U  30.31 2.24e+04  
 91.54 -0.03  -47.50 0.16 2.17  5.51 U  28.48 3.42e+04  
 92.07 -0.23  -51.57 0.21 2.41  5.79 U  40.58 2.68e+04  
 92.68 -0.39  -38.67 0.18 2.47  4.59 U  27.70 4.61e+04  
 93.27  1.79  -75.33 0.11 3.82  7.74 U  27.80 2.76e+04  
 93.43 -0.26  -46.04 0.10 1.27  5.13 U  17.11 1.71e+04  
 93.82  1.13  -12.66 0.11 1.39  1.88 U   7.11 3.74e+03  
 93.99  0.65  -42.63 0.18 2.21  4.76 U  27.74 2.42e+04  
 94.26  1.61  -68.99 0.10 1.37  7.03 U  22.62 1.99e+04  
 94.44 -1.54  -43.15 0.17 1.56  4.76 U  27.01 3.24e+04  
 94.93  0.36  -50.26 0.15 1.62  5.31 U  26.01 3.16e+04  
 94.94 -1.15  -15.00 0.19 1.25  2.04 U  12.62 4.64e+03  
 94.95 -0.50  -43.05 0.39 2.90  4.68 U  60.76 2.66e+05  
 95.10 -1.95  -38.32 0.07 1.67  4.26 U   9.80 5.59e+03  
 95.18 -1.56  -39.73 0.08 1.60  4.37 U  12.25 4.52e+03  
 96.18 -0.15  -55.72 0.19 2.30  5.63 U  34.63 7.78e+04  
 96.27  0.16  -35.22 0.13 1.55  3.85 U  16.96 1.79e+04  
 96.58  1.48  -66.47 0.32 2.59  6.53 U  69.02 2.02e+05  
 97.57  0.53  -39.96 0.15 1.83  4.12 U  20.50 1.56e+04  
 98.08  1.40  -59.44 0.15 2.43  5.73 U  29.28 5.43e+04  
 98.11 -0.23  -52.90 0.14 1.65  5.17 U  24.68 3.57e+04  
 98.84 -1.77   -9.58 0.15 1.55  1.06 U   5.25 3.22e+03  
 99.09  0.82  -41.05 0.30 2.49  4.06 U  39.74 9.42e+04  
 99.20  0.66  -60.48 0.27 3.40  5.72 U  51.27 7.55e+04  
 99.22  0.07  -49.78 0.14 0.99  4.79 U  22.27 8.69e+03  
100.15  1.83  -62.09 0.17 1.60  5.76 U  32.61 2.31e+04  
100.18  0.11  -33.55 0.20 3.10  3.32 U  22.06 1.56e+04  
100.62  0.22  -60.99 0.10 1.35  5.62 U  18.30 7.94e+03  
101.13  0.70  -43.03 0.08 1.46  4.03 U  10.67 5.19e+03  
101.81 -0.34  -43.33 0.17 1.85  4.00 U  22.70 1.79e+04  
101.95 -0.14  -54.25 0.14 1.29  4.92 U  22.38 1.95e+04  
101.99 -1.64  -49.42 0.10 1.09  4.50 U  14.25 7.88e+03  
102.77  0.29  -36.69 0.20 2.51  3.36 U  21.95 1.21e+04  
102.86 -0.63  -44.42 0.14 3.08  4.00 U  18.65 3.25e+04  
102.99  1.82  -17.68 0.18 1.66  1.66 U  10.10 1.78e+04  
103.42  0.86  -45.11 0.18 2.43  4.01 U  23.89 2.89e+04  
104.06  1.14  -53.74 0.13 2.66  4.69 U  19.62 1.40e+04  
104.22  1.58  -19.69 0.20 1.65  1.77 U  11.89 6.96e+03  
104.61  0.35  -66.62 0.18 1.14  5.77 U  34.65 3.16e+04  
104.92  1.96  -19.97 0.10 1.68  1.76 U   5.75 3.34e+03  
104.98  0.26  -53.10 0.31 2.92  4.56 U  47.36 2.15e+05  
105.06  1.13  -47.94 0.13 1.74  4.12 U  18.24 1.84e+04  
106.06  1.47  -23.49 0.21 2.13  2.00 U  13.68 1.16e+04  
106.35  0.04  -55.84 0.18 1.33  4.70 U  28.29 2.83e+04  
106.48  1.06  -60.82 0.13 1.19  5.12 U  21.47 2.35e+04  
106.48  0.92  -53.95 0.09 0.92  4.53 U  12.82 9.62e+03  
106.66  1.16  -11.39 0.34 1.58  0.88 U   9.95 4.47e+03  
107.13 -0.97  -40.01 0.10 2.08  3.32 U  11.27 8.06e+03  
107.44  0.31  -51.24 0.29 2.27  4.23 U  40.53 6.71e+04  
107.71 -2.17  -54.89 0.10 0.84  4.53 U  15.75 8.90e+03  
108.86  1.62  -34.09 0.13 1.16  2.73 U  11.65 4.07e+03  
109.68 -1.33  -48.22 0.13 1.41  3.85 U  16.44 1.10e+04  
109.69  1.90  -57.39 0.15 3.04  4.62 U  23.64 6.23e+04  
109.84 -0.30  -49.26 0.58 4.59  3.93 U  75.32 1.03e+06  
109.91 -1.25  -33.55 0.09 1.57  2.63 U   8.18 6.09e+03  
110.22  2.49  -63.21 0.07 1.24  5.10 U  12.27 9.29e+03  
110.43  1.89   -9.63 0.69 2.29  0.60 U  13.64 2.72e+04  
110.48 -1.74  -47.68 0.11 1.74  3.76 U  13.57 6.69e+03  
110.86  3.21  -30.41 0.14 1.31  2.33 U  11.01 5.25e+03  
111.06  3.11  -68.84 0.25 2.48  5.56 U  46.17 6.35e+04  
111.27 -1.43  -39.56 0.15 2.58  3.06 U  15.22 4.82e+04  
111.29 -0.71  -45.10 0.14 2.23  3.50 U  16.71 4.64e+04  
111.45  0.79  -52.98 0.32 3.47  4.15 U  43.88 7.94e+05  
111.60  2.37  -51.21 0.29 3.47  3.99 U  38.15 7.66e+04  
111.65  4.11  -30.33 0.21 1.37  2.28 U  15.98 9.59e+03  
111.69 -0.00  -30.40 0.09 1.73  2.30 U   7.09 4.19e+03  
111.93  2.87  -74.67 0.21 4.81  6.09 U  42.92 7.21e+04  
112.21 -1.80  -45.48 0.08 1.93  3.49 U   8.88 1.29e+04  
112.31 -2.33  -36.87 0.15 1.61  2.79 U  13.81 3.13e+04  
112.72  2.71  -16.16 0.24 2.31  1.11 U   8.92 1.81e+04  
113.26 -1.58  -30.69 0.18 1.47  2.26 U  13.28 7.24e+03  
113.61 -0.67  -35.37 0.51 2.79  2.62 U  44.11 4.49e+04  
113.65 -0.69  -45.22 0.14 3.27  3.41 U  16.28 2.00e+04  
114.18  2.70  -51.76 0.09 1.08  3.92 U  11.93 5.49e+03  
114.58 -0.48  -49.13 0.15 1.52  3.69 U  18.46 3.64e+04  
114.73  1.10  -13.38 0.34 1.84  0.84 U   9.37 5.44e+03  
114.79  2.16  -63.42 0.21 2.33  4.92 U  34.09 2.93e+04  
115.40  4.03  -23.02 0.40 2.93  1.57 U  20.64 4.15e+04  
115.53  1.84   -8.21 0.41 2.62  0.40 U   5.43 3.53e+03  
115.65 -1.62  -40.63 0.23 2.11  2.96 U  22.45 5.30e+04  
116.38 -0.54  -44.33 0.14 1.16  3.23 U  14.99 6.89e+03  
117.01 -2.28  -43.00 0.13 3.19  3.11 U  13.33 1.87e+04  
117.46 -0.10  -46.59 0.16 1.36  3.39 U  17.53 1.13e+04  
118.68  2.84  -67.43 0.19 3.17  5.21 U  32.28 3.19e+04  
118.72 -1.33  -38.59 0.09 0.98  2.71 U   8.53 4.84e+03  
118.77 -0.12  -48.55 0.15 1.49  3.52 U  17.35 5.54e+03  
119.00  3.03  -18.00 0.52 2.07  1.11 U  19.05 5.42e+04  
119.24 -0.85  -32.62 0.09 2.68  2.22 U   6.96 4.29e+03  
119.27 -1.62  -34.09 0.18 1.56  2.34 U  13.61 7.06e+03  
119.51  0.56  -52.19 0.15 1.86  3.81 U  18.87 1.28e+04  
119.58  3.24  -46.52 0.08 1.02  3.32 U   9.27 6.58e+03  
120.10  3.51  -69.27 0.16 1.32  5.38 U  29.19 4.85e+04  
120.27  2.90  -68.62 0.13 1.40  5.31 U  23.16 1.40e+04  
120.28  2.13  -49.82 0.09 1.22  3.59 U  10.13 1.06e+04  
120.48  1.31  -61.94 0.39 2.01  4.67 U  60.91 1.52e+05  
120.49 -0.26  -47.80 0.32 1.84  3.42 U  35.75 4.07e+04  
120.53  3.72  -38.07 0.14 1.05  2.62 U  12.50 6.22e+03  
121.01 -1.44  -19.53 0.22 1.37  1.20 U   8.91 5.50e+03  
121.69  2.89  -67.74 0.13 1.43  5.22 U  21.70 1.61e+04  
122.14  4.08  -68.11 0.10 1.36  5.25 U  16.76 1.29e+04  
122.23  2.97  -58.92 0.23 2.23  4.37 U  32.65 2.86e+04  
122.52 -0.71  -17.85 0.66 2.79  1.05 U  23.00 3.87e+04  
122.55  1.55  -57.38 0.15 1.35  4.24 U  21.23 1.75e+04  
123.24  3.02  -62.54 0.32 2.62  4.71 U  49.69 7.69e+04  
123.26 -0.56  -44.11 0.42 2.07  3.07 U  42.55 1.15e+05  
124.41  1.24  -56.05 0.12 1.11  4.11 U  16.72 4.01e+03  
124.72  3.07   -8.19 0.73 3.07  0.33 U   7.97 5.82e+03  
124.91  2.86  -60.87 0.10 1.08  4.57 U  14.87 7.61e+03  
125.16  0.69  -66.73 0.10 1.44  5.17 U  17.93 9.95e+03  
125.58  2.07  -53.65 0.10 1.29  3.90 U  12.64 1.41e+04  
125.78  1.67  -65.21 0.10 0.91  5.02 U  15.98 9.48e+03  
126.55 -0.22  -57.83 0.14 0.89  4.30 U  19.26 7.39e+03  
126.88 -0.66  -12.26 0.89 1.96  0.62 U  18.24 3.18e+04  
127.82 -0.04  -48.73 0.13 1.27  3.47 U  14.47 5.56e+03  
128.36  1.70  -47.77 0.08 1.10  3.39 U   9.44 3.58e+03  
128.65  1.33  -53.22 0.16 2.24  3.89 U  20.42 10.00e+03 
129.07 -0.05  -35.37 0.27 2.52  2.34 U  20.57 2.62e+04  
130.59  1.82  -44.36 0.14 1.09  3.11 U  14.53 1.14e+04  
132.04 -0.81  -54.74 0.19 1.65  4.14 U  26.55 2.37e+04  
132.57 -1.59  -37.55 0.09 1.27  2.55 U   7.96 3.08e+03  
133.64  0.78  -45.22 0.38 3.85  3.25 U  41.30 3.54e+05  
134.34 -1.72  -48.46 0.12 1.25  3.60 U  14.44 8.74e+03  
134.87  1.44  -39.91 0.08 1.49  2.79 U   7.76 4.42e+03  
135.13 -0.34  -42.02 0.34 2.69  3.00 U  34.01 2.95e+04  
135.23 -0.81  -11.31 0.70 3.09  0.53 U  12.22 6.75e+03  
135.32  1.09  -45.27 0.09 1.61  3.31 U  10.13 7.64e+03  
136.65  0.19  -55.81 0.18 2.57  4.50 U  26.57 1.83e+04  
137.59  1.40  -38.62 0.56 2.07  2.75 U  50.83 1.38e+05  
137.80 -0.74  -45.26 0.11 0.85  3.42 U  12.96 3.00e+03  
138.02  0.81  -38.23 0.09 1.14  2.73 U   7.97 3.17e+03  
138.41 -1.88  -46.93 0.15 1.21  3.63 U  17.75 9.10e+03  
138.51 -0.76  -45.73 0.12 0.90  3.50 U  13.80 7.79e+03  
139.33  2.81  -51.70 0.12 1.13  4.21 U  16.61 6.73e+03  
139.35 -1.76  -49.17 0.14 1.03  3.94 U  18.87 1.03e+04  
139.75 -0.49  -38.53 0.16 1.68  2.83 U  15.13 1.18e+04  
139.90  3.01  -12.25 1.04 2.24  0.62 U  21.30 1.34e+04  
139.91  0.22  -40.07 0.07 1.24  3.00 U   7.00 5.48e+03  
139.95  2.65  -50.41 0.10 0.86  4.11 U  13.11 5.09e+03  
140.61  0.33  -38.43 0.25 1.62  2.86 U  23.94 3.41e+04  
141.12 -1.17  -40.66 0.26 1.56  3.12 U  26.73 5.58e+04  
142.40  1.38  -12.63 0.54 2.51  0.66 U  11.73 2.65e+04  
142.50 -0.75  -15.06 0.33 1.60  0.86 U   9.47 3.37e+03  
142.75 -0.98  -40.78 0.16 1.51  3.23 U  16.77 1.35e+04  
144.04 -0.57  -40.78 0.12 1.03  3.33 U  12.75 3.70e+03  
144.46  0.43  -40.30 0.15 2.18  3.30 U  16.81 9.00e+03  
144.67 -1.14  -29.52 0.38 3.22  2.17 U  27.52 7.59e+04  
144.98  1.55  -41.46 0.13 2.20  3.48 U  15.25 9.33e+03  
145.49  0.86  -32.90 0.43 3.21  2.55 U  36.68 1.32e+05  
148.02 -0.05  -33.94 0.30 1.39  2.84 U  28.02 5.09e+04  
148.43 -1.42  -25.48 0.17 0.84  1.94 U  11.17 4.12e+03  
149.43  0.01  -34.15 0.18 1.09  3.00 U  17.72 1.20e+04  
149.83 -1.00  -33.62 0.16 1.10  2.96 U  15.63 6.87e+03  
151.24 -0.64  -29.32 0.46 4.32  2.56 U  39.02 1.66e+05  
152.02 -0.80  -11.59 0.43 2.56  0.71 U  10.07 4.58e+03  
152.40  1.52  -37.17 0.10 1.48  3.78 U  12.02 9.86e+03  
152.57  0.84  -36.45 0.11 1.52  3.70 U  13.51 5.84e+03  
152.83 -0.84  -30.94 0.10 2.08  2.92 U  10.12 5.91e+03  
153.01 -2.17  -27.29 0.19 3.15  2.47 U  15.33 4.52e+03  
153.15 -1.14  -23.04 0.22 1.71  1.95 U  13.94 1.02e+04  
154.32 -1.05  -19.90 0.19 1.77  1.66 U  10.41 7.11e+03  
154.64  2.65  -35.55 0.28 2.61  3.89 U  35.77 7.73e+04  
155.38  1.47  -34.16 0.15 1.71  3.80 U  19.14 1.87e+04  
156.16 -0.27  -34.25 0.33 1.37  3.96 U  43.19 4.44e+04  
156.56  2.50  -27.74 0.14 0.92  2.91 U  13.46 3.67e+03  
157.55  0.93  -33.26 0.28 1.75  4.09 U  37.80 8.35e+04  
157.59 -2.27  -21.04 0.23 0.98  2.06 U  15.68 1.13e+04  
157.71 -1.00  -27.76 0.15 1.82  3.12 U  15.23 6.06e+03  
158.85 -2.09  -22.56 0.25 3.21  2.44 U  20.57 2.14e+04  
159.67  2.85  -22.83 0.21 1.81  2.57 U  17.66 9.20e+03  
165.37  1.73  -21.27 0.09 1.89  3.52 U  10.76 3.81e+03  
165.62  0.67  -19.71 0.12 1.01  3.17 U  12.77 4.63e+03  
166.25 -0.01  -24.18 0.11 0.72  4.80 U  17.86 6.93e+03  
168.06 -0.25  -19.25 0.11 0.94  3.95 U  14.30 8.93e+03  
168.48 -1.15  -13.19 0.44 3.18  2.23 U  32.83 3.62e+04  
169.91  1.92  -15.08 0.13 1.62  3.30 U  14.16 9.44e+03  
170.57 -0.21  -15.45 0.20 1.44  3.78 U  25.21 5.62e+04  
171.20 -0.85  -13.74 0.12 1.36  3.40 U  13.06 1.26e+04  
171.75  1.45  -14.67 0.44 5.40  4.22 U  61.56 4.18e+05  
172.40 -1.53   -9.81 0.14 1.72  2.31 U  10.71 3.76e+03  
172.56 -0.46   -9.47 0.15 1.47  2.24 U  11.09 7.27e+03  
173.50 -0.05  -13.78 0.11 1.13  5.51 U  19.93 1.79e+04  
175.41 -0.71  -10.46 0.09 1.23  5.54 U  15.99 1.15e+04  
176.31  1.85  -10.09 0.09 1.18  7.42 U  23.29 2.17e+04  
191.42 -2.01   14.26 0.09 1.73  4.20 U  13.02 6.67e+03  
192.76 -1.27   18.53 0.17 1.44  5.07 U  28.74 1.27e+04  
193.90  0.98   20.90 0.11 1.26  5.32 U  19.65 1.67e+04  
194.08 -0.51   21.06 0.35 2.23  5.27 U  61.74 1.51e+05  
194.74 -1.32   14.54 0.26 2.06  2.98 U  25.80 3.98e+04  
195.53 -0.18   20.07 0.13 0.90  4.23 U  18.67 9.56e+03  
196.10 -0.93   14.53 0.12 1.53  2.67 U  10.47 4.56e+03  
196.53 -1.53   15.97 0.21 2.11  2.89 U  20.03 3.56e+04  
196.66  0.67   19.76 0.27 1.27  3.75 U  33.49 4.93e+04  
198.78 -1.24   17.33 0.10 1.30  2.70 U   8.66 3.27e+03  
199.93  1.31   20.50 0.17 1.05  3.10 U  17.43 1.07e+04  
201.58  1.49   23.22 0.14 1.20  3.28 U  15.10 6.09e+03  
202.89  1.29   31.12 0.19 2.23  4.52 U  28.98 4.68e+04  
204.44 -0.64   27.10 0.11 1.20  3.44 U  12.71 3.16e+03  
205.52  4.73   33.39 0.17 1.37  4.32 U  23.97 8.22e+03  
205.72 -1.85   17.72 0.20 1.51  1.94 U  12.57 4.99e+03  
205.79  0.04   20.21 0.29 1.03  2.26 U  22.10 6.85e+03  
205.84  2.29   13.45 0.34 1.47  1.44 U  16.10 9.02e+03  
205.99  4.02   20.78 0.34 1.30  2.32 U  26.20 9.29e+03  
207.52  2.33   12.15 0.41 3.33  1.22 U  16.43 4.74e+04  
207.81  4.30   34.10 0.12 1.44  4.00 U  16.55 6.46e+03  
208.76  4.63   39.30 0.10 1.30  4.69 U  15.90 6.01e+03  
208.85  2.08   51.03 0.11 0.86  7.05 U  26.29 1.17e+04  
209.77  2.18   23.44 0.20 1.80  2.32 U  15.07 4.36e+03  
209.79  2.93   11.15 0.52 1.98  1.05 U  18.18 6.22e+03  
209.84  4.45   29.94 0.16 1.35  3.11 U  16.37 8.78e+03  
210.51  3.54   36.00 0.24 1.38  3.88 U  31.04 3.00e+04  
211.16  1.95   41.70 0.13 1.20  4.64 U  19.50 9.43e+03  
212.30  2.67   44.24 0.18 1.47  4.84 U  29.16 3.90e+04  
212.35  2.58   27.40 0.18 0.75  2.59 U  15.26 3.88e+03  
212.79  4.47   44.27 0.38 1.96  4.77 U  60.10 8.11e+04  
213.51  1.58   37.17 0.11 1.59  3.67 U  13.45 3.29e+03  
215.43  2.91   29.34 0.23 1.29  2.59 U  19.97 1.46e+04  
215.81  3.64   48.81 0.11 1.25  4.98 U  18.40 7.18e+03  
215.88  4.17   47.90 0.52 2.77  4.83 U  82.81 1.77e+05  
216.28  3.86   45.79 0.11 0.82  4.49 U  16.63 3.82e+03  
216.77  1.22   27.72 0.57 3.32  2.36 U  44.54 1.79e+05  
217.46  1.91   50.37 0.10 1.36  4.98 U  15.78 9.59e+03  
217.50  1.10   42.19 0.12 0.97  3.90 U  15.37 4.06e+03  
217.87  3.08   26.68 0.41 2.41  2.21 U  30.00 5.21e+04  
220.23  1.10   31.99 0.17 2.59  2.62 U  14.99 7.73e+03  
220.82  1.07   11.82 0.34 2.13  0.88 U   9.79 6.18e+03  
222.03  0.86   39.54 0.19 1.19  3.29 U  20.96 5.14e+04  
223.13  1.03   39.60 0.16 1.08  3.24 U  17.26 6.47e+03  
224.64  1.66   16.25 0.84 2.18  1.18 U  32.77 1.01e+05  
230.14 -0.24   42.11 0.20 0.93  3.27 U  21.63 1.00e+04  
230.34  1.57   39.16 0.23 0.94  3.00 U  23.22 7.46e+03  
231.34  2.34   43.64 0.10 1.11  3.38 U  10.96 5.41e+03  
231.89  0.05   42.96 0.48 2.30  3.32 U  52.41 2.48e+05  
232.24  2.34   56.98 0.09 1.28  4.67 U  13.40 8.34e+03  
233.30  2.32   18.47 0.40 2.05  1.32 U  17.55 2.03e+04  
233.33  0.43   51.87 0.09 1.24  4.14 U  12.94 4.68e+03  
233.96  1.79   44.14 0.45 1.93  3.40 U  50.44 1.49e+05  
234.48  1.38   76.34 0.13 1.54  6.81 U  29.52 2.13e+04  
235.32  0.47   81.10 0.12 1.45  7.40 U  28.49 3.02e+04  
235.48  2.62   48.58 0.15 0.82  3.80 U  18.64 5.32e+03  
235.92  0.59   52.46 0.11 0.90  4.17 U  15.57 3.98e+03  
236.58  0.07   79.00 0.24 2.17  7.05 U  54.98 6.82e+04  
237.25 -0.30   57.11 0.10 0.83  4.60 U  15.18 6.69e+03  
237.35  0.74   74.31 0.08 2.31  6.45 U  18.14 2.74e+04  
237.64  2.39   51.32 0.12 2.36  4.05 U  16.38 7.05e+03  
237.67  1.68   56.02 0.11 0.76  4.49 U  16.59 6.40e+03  
237.96  0.24   22.66 0.64 3.50  1.67 U  35.70 4.33e+04  
239.20 -0.01   83.22 0.15 2.31  7.48 U  37.33 6.79e+04  
240.16 -0.11   24.02 0.24 1.32  1.80 U  14.53 4.73e+03  
240.39  2.02   68.53 0.15 1.20  5.75 U  27.94 1.49e+04  
242.02  0.83   66.52 0.41 2.47  5.55 U  75.05 2.51e+05  
242.35 -0.87   22.56 0.41 3.34  1.73 U  23.34 2.15e+04  
242.58  1.77   70.47 0.20 1.83  5.97 U  39.97 7.03e+04  
243.13  1.56   55.83 0.16 1.64  4.54 U  23.43 1.91e+04  
244.06  0.51   19.68 0.41 2.09  1.54 U  21.02 1.43e+04  
246.92 -0.96   20.32 0.40 1.58  1.66 U  22.09 6.85e+03  
247.27  0.77   20.97 0.33 2.07  1.73 U  18.86 1.66e+04  
247.88  1.72   27.03 0.16 1.41  2.25 U  11.58 6.26e+03  
248.83 -1.34   19.53 0.61 2.73  1.65 U  33.22 2.03e+04  
249.24 -0.33   22.12 0.10 1.40  1.89 U   6.19 3.15e+03  
249.96 -1.93   97.07 0.12 2.14  9.19 U  35.97 2.79e+04  
250.35  1.42   12.88 0.21 1.37  1.13 U   7.89 3.08e+03  
251.24 -0.79   54.75 0.08 1.44  4.77 U  11.92 7.94e+03  
252.54 -0.43   12.14 0.56 1.63  1.12 U  20.89 2.17e+04  
253.95  0.88   34.44 0.36 2.41  3.18 U  37.85 1.36e+05  
254.35 -1.50   35.95 0.19 1.34  3.34 U  20.73 1.03e+04  
255.33  0.07   84.08 0.19 3.64  7.90 U  50.34 8.54e+04  
255.83 -0.07   35.70 0.10 0.86  3.42 U  11.75 3.81e+03  
256.26 -0.48   87.83 0.09 1.77  8.38 U  26.25 2.85e+04  
256.75 -1.04   44.31 0.11 0.89  4.23 U  15.13 9.15e+03  
256.93  0.73   73.95 0.12 0.98  6.97 U  27.78 2.87e+04  
257.11  0.44   53.35 0.18 1.88  5.06 U  30.77 2.77e+04  
257.56 -1.14   41.91 0.12 1.97  4.09 U  16.66 1.05e+04  
257.59 -1.63   11.52 0.31 3.89  1.26 U  13.03 1.33e+04  
258.50 -0.10   81.38 0.12 1.91  7.86 U  30.30 2.84e+04  
259.08 -0.88   12.13 0.44 1.72  1.41 U  20.68 1.98e+04  
259.15 -0.67   59.40 0.39 3.22  5.78 U  74.72 1.88e+05  
259.16  0.90   11.20 0.25 3.90  1.32 U  10.81 8.83e+03  
259.39 -1.68   54.48 0.14 1.72  5.36 U  24.05 3.05e+04  
260.45  0.16   58.09 0.17 2.02  5.79 U  32.23 2.89e+04  
260.71 -1.73   64.44 0.09 1.04  6.39 U  19.38 8.00e+03  
260.79  1.07   55.42 0.15 1.56  5.59 U  27.27 2.97e+04  
260.94  0.25   17.26 0.17 1.80  2.12 U  12.17 4.63e+03  
261.16  0.05   70.20 0.13 1.62  6.99 U  30.21 4.19e+04  
261.35 -1.29   12.65 0.45 2.56  1.63 U  24.41 3.99e+04  
261.38  1.52   51.14 0.09 1.52  5.26 U  15.90 8.07e+03  
262.06 -1.25   60.34 0.18 1.33  6.16 U  36.74 2.87e+04  
262.17 -1.93   13.19 0.16 1.64  1.76 U   9.30 5.94e+03  
262.83  0.17   59.73 0.09 1.06  6.19 U  19.38 1.74e+04  
264.36 -0.91   28.97 0.30 1.71  3.60 U  35.32 4.25e+04  
265.03 -1.77   15.29 0.23 1.36  2.28 U  17.40 5.26e+03  
265.67 -0.80   63.38 0.14 0.73  6.86 U  32.38 1.68e+04  
267.06 -0.14   18.89 0.16 1.07  2.92 U  15.05 1.00e+04  
267.24 -1.57   18.80 0.12 1.92  2.93 U  11.73 6.01e+03  
268.58 -2.05   62.46 0.14 1.28  7.16 U  33.09 2.60e+04  
269.06 -0.84   62.17 0.12 1.67  7.21 U  28.49 2.20e+04  
269.06 -0.10   43.71 0.19 2.51  5.54 U  34.83 4.28e+04  
269.79  0.24   74.82 0.16 2.02  8.51 U  45.87 6.93e+04  
270.76 -0.62   52.61 0.34 3.68  6.58 U  73.69 3.16e+05  
271.09 -1.26   75.02 0.20 1.91  8.72 U  56.46 1.27e+05  
271.53  0.95   28.42 0.12 1.12  4.51 U  17.33 4.22e+03  
272.34 -1.17   75.30 0.15 2.02  8.94 U  45.21 9.71e+04  
272.58 -0.14   36.58 0.09 1.29  5.44 U  17.00 8.23e+03  
273.83 -0.96   37.80 0.09 1.08  5.75 U  16.99 1.24e+04  
274.08  0.53   32.53 0.10 1.63  5.31 U  17.88 1.73e+04  
275.32 -0.69   74.91 0.11 1.71  9.39 U  35.80 3.28e+04  
276.28 -1.95   54.98 0.27 2.91  7.69 U  69.38 2.09e+05  
276.56 -0.79   62.17 0.11 1.77  8.40 U  29.26 1.78e+04  
277.51 -0.80   59.66 0.16 1.72  8.34 U  44.82 5.48e+04  
279.00 -1.40   45.33 0.16 2.17  7.33 U  37.86 4.93e+04  
279.49 -1.62   34.10 0.12 2.60  6.43 U  25.94 5.96e+04  
280.67 -1.37   29.79 0.10 1.73  6.28 U  20.23 2.19e+04  
280.85 -0.36   40.10 0.10 1.23  7.23 U  23.11 1.72e+04  
281.16 -0.67   25.22 0.08 2.00  5.96 U  15.56 1.33e+04  
281.76 -0.12   17.54 0.19 3.42  5.35 U  33.54 4.26e+04  
282.14 -1.34   22.56 0.15 3.05  5.92 U  30.08 4.34e+04  
282.17 -0.62   16.94 0.12 1.99  5.38 U  20.62 2.02e+04  
282.20 -1.76   14.70 0.09 1.94  5.16 U  15.84 1.41e+04  
282.39 -0.73   30.79 0.10 2.74  6.72 U  23.20 2.86e+04  
283.08  1.26  -18.25 0.39 2.86  1.89 U  24.49 5.73e+04  
283.17 -1.21   12.46 0.17 2.49  5.15 U  28.76 4.85e+04  
283.48 -1.82   31.70 0.17 2.58  7.02 U  38.51 7.41e+04  
283.58 -1.53   14.65 0.13 1.72  5.48 U  24.07 1.79e+04  
284.04 -0.20   26.25 0.10 1.23  6.67 U  21.66 2.34e+04  
284.12 -0.75   11.29 0.22 3.66  5.26 U  38.43 2.27e+05  
284.27  0.86   12.54 0.13 1.84  5.42 U  22.57 2.39e+04  
284.71  0.13   12.17 0.20 2.57  5.49 U  35.71 2.29e+05  
284.77 -0.80   23.97 0.08 2.93  6.62 U  17.00 2.69e+04  
285.37  0.26   14.21 0.11 1.46  5.85 U  21.33 2.63e+04  
285.42 -0.39   12.55 0.09 1.84  5.70 U  17.24 3.28e+04  
285.57 -0.89   10.74 0.11 1.77  5.54 U  19.54 2.31e+04  
286.46 -1.30   40.07 0.10 1.86  8.38 U  28.74 5.05e+04  
286.51 -0.26   14.56 0.26 2.72  6.16 U  52.84 3.65e+05  
286.62 -0.36  -19.05 0.44 3.33  2.39 F  34.48 2.08e+05  
286.68  0.72   26.04 0.09 1.42  7.23 U  22.60 2.46e+04  
287.16 -0.97   36.95 0.07 3.48  8.26 U  19.98 3.48e+04  
287.88 -0.77   32.66 0.11 2.26  8.06 U  28.95 2.94e+04  
288.10  1.36   14.57 0.09 2.39  6.54 U  20.49 5.23e+04  
288.64  1.46  -21.60 0.39 3.37  2.66 N  34.83 1.89e+05  
289.30 -0.64   22.02 0.38 6.95  7.48 U  93.08 1.81e+06  
289.45  0.21   20.93 0.12 1.98  7.42 U  30.09 6.77e+04  
290.60 -0.14   15.11 0.14 4.40  7.19 U  33.80 1.06e+05  
290.65 -1.17   14.29 0.27 4.39  7.13 U  64.99 1.83e+05  
291.21 -0.08   25.75 0.13 1.52  8.24 U  34.40 3.08e+04  
291.58 -1.25  -24.65 0.33 2.62  3.07 U  33.34 2.43e+05  
291.69 -0.59   21.98 0.20 7.94  8.04 U  53.93 3.57e+05  
292.33  0.09   19.50 0.19 2.04  7.98 U  50.31 7.86e+04  
293.09 -2.19  -25.43 0.36 2.13  3.27 U  38.96 1.71e+05  
293.62  0.11   24.39 0.15 2.51  8.69 U  43.08 6.46e+04  
293.84 -1.81   21.32 0.17 2.23  8.49 U  46.81 8.90e+04  
293.95 -1.01  -24.39 0.44 3.73  3.38 N  49.02 3.45e+05  
294.10 -0.97   28.59 0.23 5.01  9.14 U  68.22 4.43e+05  
295.15 -0.76   25.05 0.12 7.97  9.10 U  35.47 1.55e+05  
296.10 -0.22   13.47 0.20 2.88  8.40 U  54.86 9.92e+04  
296.39 -0.94   23.95 0.20 4.76  9.30 U  61.57 1.42e+05  
297.83  0.70  -33.46 0.42 3.25  3.89 N  54.35 2.57e+05  
298.06 -0.37   22.83 0.45 6.16  9.61 U 142.87 2.32e+06  
298.89 -0.43  -37.98 0.28 1.86  4.03 U  37.21 1.51e+05  
298.93 -0.16  -19.39 0.12 2.12  6.17 F  25.05 4.51e+04  
299.27  0.18   11.32 0.09 1.75  9.01 U  26.84 5.22e+04  
299.37 -0.98  -35.73 0.14 1.86  4.09 U  19.28 7.14e+04  
300.60 -0.07    9.24 0.22 2.10  9.17 U  66.57 2.06e+05  
301.38 -0.27  -38.46 0.12 1.18  4.34 U  17.33 3.59e+04  
301.56 -0.37  -23.77 0.19 2.31  2.33 N  14.67 5.59e+04  
301.75  0.92  -41.00 0.39 2.47  4.39 U  56.46 4.78e+05  
301.79 -0.01   23.71 0.15 2.88 10.57 U  52.13 1.86e+05  
302.32 -0.76   30.71 0.20 4.09 11.25 U  74.15 1.33e+06  
303.04  0.47  -33.02 0.53 3.43  3.31 N  58.43 3.84e+05  
303.44  1.67  -37.60 0.11 1.02       A                  
303.88 -0.40   28.78 0.32 5.02 11.46 U 123.31 1.57e+06  
304.04  1.02  -35.96 0.13 1.59  3.56 N  15.35 3.81e+04  
304.16  1.43  -45.09 0.18 1.47  4.68 U  27.24 3.63e+04  
304.62  1.35  -27.62 0.21 2.00  2.44 N  17.19 6.12e+04  
304.88 -0.79   30.75 0.08 1.54 11.85 U  32.37 4.73e+04  
305.49  0.11  -34.23 0.36 5.91  6.82 F  81.47 2.95e+06  
306.03  1.35  -52.28 0.24 2.66       A                  
306.25 -1.40    3.37 0.15 1.50 10.10 U  49.52 1.50e+05  
306.45  0.53  -47.95 0.14 2.86  4.95 N  22.89 1.13e+05  
306.87 -0.52   24.94 0.09 2.48 11.85 U  34.44 2.38e+05  
306.91  0.31  -34.66 0.11 2.48  7.27 F  26.84 1.82e+05  
306.91  0.60  -44.47 0.08 2.87  4.26 N  11.61 4.27e+04  
307.58 -0.73  -65.33 0.13 1.07  5.09 U  21.49 3.11e+04  
307.60 -0.41  -36.00 0.13 3.77  7.38 F  32.40 2.34e+05  
307.73  0.98  -45.66 0.21 2.48  4.19 N  28.92 4.37e+04  
307.74 -0.67   32.15 0.24 4.79 12.63 U 102.07 7.24e+05  
308.18 -0.37  -46.65 0.11 1.80  4.23 N  14.92 3.73e+04  
308.22 -1.00   37.50 0.13 2.47 13.20 U  55.36 2.73e+05  
308.37  0.63  -52.09 0.10 4.46  5.18 U  16.42 4.15e+04  
308.37 -0.56  -64.63 0.12 1.51  5.18 U  20.57 3.34e+04  
308.44  0.05  -58.42 0.13 1.82  5.18 N  21.87 1.59e+05  
309.12 -0.31  -12.69 0.14 3.20  9.64 F  45.64 4.42e+05  
309.20 -0.96  -25.57 0.33 1.60  2.02 N  21.82 4.49e+04  
309.36 -0.10  -42.67 0.36 4.22  7.30 F  86.10 2.82e+06  
309.49  1.33  -50.46 0.11 1.27       A                  
309.80  0.29  -17.63 0.16 3.04  9.46 F  49.69 2.18e+05  
309.97  0.31  -54.83 0.10 2.57  5.36 U  17.72 1.72e+05  
310.05  0.73    9.89 0.08 1.95 11.45 U  31.34 5.39e+04  
310.26 -0.12    7.74 0.11 3.25 11.34 U  42.72 2.49e+05  
310.48 -0.24  -52.12 0.15 1.39  4.43 N  21.54 8.71e+04  
310.89 -1.75  -52.07 0.12 2.59  4.31 N  17.64 6.53e+04  
311.11  0.67  -48.52 0.17 1.80  3.82 N  21.32 8.22e+04  
311.15 -0.53  -48.32 0.08 2.64  3.79 N  10.45 4.99e+04  
311.15  0.14  -57.14 0.09 2.51  5.49 U  17.14 1.32e+05  
311.19  0.18  -37.00 0.20 2.33  2.78 N  18.60 3.78e+04  
311.28  0.08   37.94 0.07 2.12 13.97 U  32.25 7.80e+04  
311.28 -0.29   26.62 0.39 8.18 13.00 U 167.09 3.96e+06  
311.51  1.37  -50.25 0.13 1.27  3.94 N  17.13 4.39e+04  
311.51 -0.27  -18.11 0.16 3.87  9.84 F  51.41 2.24e+05  
311.63  0.14  -53.51 0.13 2.61  6.92 F  30.59 2.31e+05  
311.92  0.20  -45.31 0.11 1.51  3.41 N  11.92 4.69e+04  
312.22 -0.37   30.61 0.06 3.57 13.55 U  29.12 8.04e+04  
312.35 -0.32  -48.84 0.12 1.85  3.68 N  14.35 4.50e+04  
312.47 -0.06  -42.91 0.10 2.28  8.28 F  26.85 2.01e+05  
312.47  0.07  -12.18 0.12 3.29 10.46 F  42.01 2.99e+05  
312.69  0.10  -60.25 0.09 2.63  6.28 F  19.13 1.45e+05  
313.17 -0.22   43.18 0.14 2.77 14.92 U  67.94 5.64e+05  
313.37  0.32  -28.33 0.15 3.43  9.58 F  48.02 2.44e+05  
313.57  0.85  -45.65 0.15 2.73  3.29 N  16.38 4.23e+04  
313.69 -0.39    9.46 0.07 2.01 12.22 U  28.09 6.73e+04  
313.94 -0.20   31.78 0.09 5.99 14.05 U  41.96 1.30e+05  
314.01 -0.12  -10.85 0.22 3.62 10.88 F  78.95 3.63e+05  
314.10 -0.07  -48.36 0.36 5.33  8.31 F  97.96 2.89e+06  
315.30 -0.24   10.47 0.15 5.40 12.64 U  60.93 7.29e+05  
315.63 -0.44  -58.63 0.09 2.46  4.20 N  12.65 4.39e+04  
316.40 -0.28   -6.69 0.20 2.67 11.67 F  78.73 5.17e+05  
316.45 -0.09  -43.76 0.29 4.51  9.27 F  88.59 2.64e+06  
316.55  0.02  -21.96 0.16 3.77 10.70 F  57.91 7.37e+05  
316.58 -0.45    6.99 0.10 2.47 12.66 U  41.30 1.43e+05  
316.84 -0.39   36.47 0.10 1.87 15.16 U  50.33 8.45e+04  
317.41 -0.52   26.58 0.11 2.52 14.38 U  50.41 2.62e+05  
317.82 -0.99  -54.76 0.16 1.41  3.70 N  19.65 4.24e+04  
317.82 -0.06   21.23 0.10 3.55 14.02 U  44.65 2.39e+05  
317.86 -0.06  -17.15 0.08 2.31 11.29 F  31.03 2.29e+05  
318.07 -0.21  -40.79 0.32 4.33  9.84 F 105.47 4.66e+06  
318.14 -0.35  -61.33 0.18 2.96  4.16 N  25.23 9.16e+04  
318.24 -0.38   10.63 0.09 3.20 13.26 U  41.27 1.21e+05  
318.32  0.06  -11.08 0.11 2.54 11.77 F  43.22 3.85e+05  
318.61 -0.20  -47.91 0.15 1.14  3.20 N  15.83 4.77e+04  
318.82 -0.49   34.86 0.16 2.58 15.48 U  81.30 2.85e+05  
319.05  0.61  -43.06 0.27 1.34  2.89 N  26.02 7.32e+04  
319.50  0.12  -69.67 0.10 2.81  8.11 F  27.11 4.04e+04  
319.71 -0.32  -11.51 0.09 4.90 12.01 F  37.66 4.77e+05  
319.81  0.06    8.58 0.09 1.56 13.43 U  40.97 1.31e+05  
320.05 -0.43   21.23 0.28 2.16 14.49 U 134.55 3.81e+05  
320.30 -0.09   -5.84 0.13 5.08 12.50 F  52.20 1.12e+06  
320.55 -0.42  -61.90 0.37 7.67  9.01 F 110.76 5.65e+06  
321.05  0.65  -57.67 0.27 2.54  3.73 N  32.94 9.80e+04  
321.60 -0.12  -68.37 0.16 2.43  4.42 N  23.94 3.13e+04  
321.77 -0.50    9.66 0.06 2.27 13.90 U  28.64 7.29e+04  
321.92 -0.50  -74.52 0.16 3.96  4.87 N  25.81 5.32e+04  
322.51  0.17  -31.98 0.68 1.76  2.21 N  49.63 2.65e+05  
322.60 -0.63  -53.68 0.13 1.64  3.45 N  14.59 3.17e+04  
322.77  0.19  -61.46 0.16 3.29  9.54 F  49.70 5.32e+05  
322.96 -0.81   19.69 0.13 1.57 14.97 U  64.59 1.01e+05  
323.61  0.22  -53.30 0.50 6.64 10.20 F 170.26 6.01e+06  
323.90  0.14  -82.20 0.33 4.47  5.30 N  58.66 4.53e+05  
324.22 -0.88  -62.99 0.17 2.96  3.96 N  22.15 8.12e+04  
324.36  1.27  -43.12 0.24 2.23  2.84 N  22.13 4.40e+04  
324.78 -0.03    9.17 0.27 4.03 14.43 U 130.06 9.56e+05  
324.84  0.02  -68.00 0.20 4.37  9.56 F  64.80 4.21e+05  
325.07 -0.09  -77.10 0.07 2.51  9.02 F  21.48 1.58e+05  
325.35  0.49  -46.23 0.17 2.77  3.01 N  16.82 3.24e+04  
325.53  0.55  -66.55 0.20 2.15  4.14 N  27.11 4.44e+04  
325.66  0.20   -3.00 0.41 3.68 13.65 F 186.87 2.39e+06  
325.75 -0.00   30.18 0.10 3.05 16.63 U  56.55 2.76e+05  
326.13 -0.65  -16.88 0.45 2.50  1.36 N  20.47 3.83e+04  
326.14  0.50  -92.35 0.15 2.46  5.98 N  29.30 1.62e+05  
326.60  0.29  -42.93 0.34 3.08  2.84 N  32.26 4.87e+05  
326.68  0.21  -81.84 0.13 4.06  9.05 F  38.48 4.44e+05  
326.87  0.73    8.10 0.09 2.00 14.72 U  41.60 7.29e+04  
326.92 -0.38  -60.95 0.22 3.87  3.82 N  28.49 3.02e+05  
327.86  0.02  -50.89 0.11 2.27 11.04 F  40.60 4.20e+05  
328.00 -0.30  -70.56 0.25 3.37  4.34 N  36.10 4.94e+05  
328.16 -0.21    4.52 0.06 2.95 14.64 U  30.79 8.34e+04  
328.18 -0.52  -44.57 0.17 2.86  2.96 N  16.93 1.70e+05  
328.23  1.26  -87.70 0.08 2.22  5.36 N  14.97 4.74e+04  
328.41  0.63  -39.48 0.22 1.51  2.69 N  19.66 7.09e+04  
328.44 -0.13   31.07 0.06 2.39 17.40 U  35.96 1.69e+05  
328.59  0.41  -91.99 0.41 8.17  5.66 N  76.53 2.40e+06  
328.84  1.44  -80.10 0.17 3.22  4.87 N  27.15 1.44e+05  
328.91 -0.13  -18.82 0.42 3.01  1.51 N  21.00 4.63e+04  
329.13 -0.14  -45.49 0.15 3.81 11.51 F  58.23 9.59e+05  
329.20 -0.40  -75.45 0.17 2.73  4.60 N  25.77 1.24e+05  
329.59  0.85  -50.32 0.26 2.54  3.29 N  28.04 1.19e+05  
329.73  1.37  -75.80 0.17 2.07  4.62 N  25.90 1.12e+05  
330.00  1.00  -86.25 0.08 1.55  5.21 N  14.28 4.73e+04  
330.05  0.13  -63.29 0.21 2.69  3.97 N  27.56 9.26e+04  
330.10  0.04  -89.57 0.05 3.12  9.20 F  15.72 1.41e+05  
330.36  0.33  -95.28 0.11 2.16  5.79 N  21.07 1.20e+05  
331.13  1.13  -77.94 0.20 2.29  4.74 N  30.81 1.99e+05  
331.16  0.20  -76.39 0.09 1.71  4.66 N  13.19 3.62e+04  
331.21 -0.25  -64.59 0.29 2.43  4.06 N  38.99 3.91e+05  
331.59 -0.40   -4.57 0.18 3.03       A                  
331.79 -0.10  -46.83 0.34 4.28 11.76 F 133.80 4.12e+06  
332.28 -0.07  -90.82 0.40 5.30  9.47 F 125.38 9.04e+06  
332.34  0.04  -67.76 0.13 1.53  4.25 N  18.36 4.20e+04  
332.38  0.60  -40.17 0.17 1.86  2.84 N  15.96 6.53e+04  
332.53  0.93  -77.28 0.17 3.81  4.73 N  27.00 1.77e+05  
332.96 -0.04  -66.40 0.09 3.77 10.85 F  33.44 5.42e+05  
333.01  0.78  -47.66 0.17 1.73  3.26 N  18.10 1.11e+05  
333.37 -0.38    6.31 0.06 2.38 15.65 U  31.51 8.49e+04  
333.46 -0.31  -49.47 0.33 4.77  3.37 N  36.87 1.26e+06  
333.57  0.97  -74.47 0.11 2.15  4.62 N  16.67 3.02e+04  
333.58  0.11 -112.33 0.11 1.60  7.34 N  25.93 6.73e+04  
333.72 -0.48 -107.49 0.17 3.53  6.59 N  36.77 2.80e+05  
334.02 -0.45    7.86 0.07 1.58 15.91 U  36.15 9.80e+04  
334.17  0.45  -61.68 0.31 2.99  4.01 N  40.72 4.98e+05  
334.29  0.10 -104.04 0.14 2.47  6.27 N  28.65 8.90e+04  
334.87  0.87  -80.85 0.24 2.45  4.98 N  40.26 1.72e+05  
334.91 -0.15  -23.70 0.09 3.46 13.44 F  39.85 3.81e+05  
334.96  0.06  -71.45 0.08 1.64  4.52 N  11.75 3.97e+04  
335.00 -0.48  -39.93 0.14 3.50  2.93 N  14.01 6.51e+04  
335.07 -0.26 -108.74 0.11 3.36  8.64 F  31.34 1.48e+05  
335.15 -0.32  -87.00 0.14 2.36  5.29 N  25.13 1.03e+05  
335.47 -0.23  -73.78 0.12 2.51  4.66 N  18.54 3.75e+04  
335.67 -0.19  -44.01 0.09 2.43 12.26 F  35.07 3.21e+05  
335.93 -0.04  -90.87 0.09 2.49  9.87 F  29.18 1.22e+05  
336.06 -0.40  -83.18 0.11 4.93 10.28 F  36.06 3.42e+05  
336.27  1.07  -80.58 0.09 2.07  5.02 N  15.49 5.12e+04  
336.50 -0.24  -88.11 0.08 2.51 10.06 F  26.53 2.02e+05  
336.73 -0.98  -43.90 0.27 3.86  3.24 N  29.19 3.01e+05  
336.78  0.28 -101.90 0.09 2.54  6.15 N  18.45 3.62e+04  
336.85 -0.08 -117.67 0.27 6.25  7.67 U  69.12 2.32e+06  
336.92 -0.49  -21.04 0.28 2.07  1.90 N  17.74 3.56e+04  
337.10  0.01  -72.17 0.12 5.13 10.89 F  45.09 2.30e+06  
337.36 -0.08   -5.30 0.11 1.89 15.09 F  56.39 1.33e+05  
337.45  0.59  -79.09 0.17 1.83  5.02 N  27.73 5.93e+04  
337.54 -0.71 -112.23 0.11 2.44  6.88 N  25.04 5.14e+04  
337.58 -0.37    7.34 0.11 2.52 16.42 U  60.32 3.01e+05  
337.60 -0.05  -18.28 0.13 2.16 14.04 F  61.17 1.82e+05  
337.78 -0.02  -54.76 0.14 5.09 11.80 F  53.62 2.64e+06  
337.84 -0.40  -36.56 0.24 3.91  2.91 N  23.60 1.43e+05  
338.10 -0.20  -93.53 0.16 4.41  9.89 F  53.28 1.14e+06  
338.20 -0.34  -14.46 0.11 4.30 14.39 F  51.44 6.14e+05  
338.36 -1.11 -112.76 0.22 2.79       A                  
338.73 -0.21 -118.61 0.24 3.60  7.77 U  62.42 1.33e+06  
338.88  0.01  -45.03 0.10 1.87  3.44 N  11.72 3.31e+04  
338.89  0.07  -29.08 0.23 8.13 13.36 F 103.66 2.83e+06  
338.99  0.63  -61.96 0.19 5.91  4.32 N  27.04 4.92e+05  
339.00 -0.68  -45.01 0.11 2.76  3.45 N  12.50 4.68e+04  
339.06 -0.18  -32.58 0.07 3.15 13.14 F  31.38 2.72e+05  
339.09  0.21  -78.28 0.13 4.10  5.09 N  22.22 1.22e+05  
339.09 -0.06 -101.84 0.08 2.32  9.49 F  25.75 1.61e+05  
339.34 -0.41  -92.11 0.16 2.07  5.77 N  30.11 1.15e+05  
339.60  0.13 -111.25 0.09 1.81  6.85 N  21.18 1.05e+05  
339.92  0.09  -24.03 0.08 2.58 13.76 F  35.25 3.66e+05  
339.93 -0.59  -91.12 0.08 1.74  5.76 N  15.54 5.24e+04  
339.95 -0.10   -4.19 0.14 2.83 15.47 F  71.54 7.49e+05  
340.33  0.27  -73.51 0.18 2.57  4.97 N  29.94 9.45e+04  
340.35 -0.26  -91.65 0.24 3.06  5.82 N  47.08 2.52e+05  
340.42 -0.97  -28.19 0.32 2.94  2.58 N  27.22 1.91e+05  
340.53  1.02  -58.97 0.25 3.39  4.30 N  35.23 2.91e+05  
340.64 -0.10 -122.65 0.28 3.19  7.87 U  74.21 1.32e+06  
340.84 -0.31  -43.15 0.31 5.47 12.53 F 127.07 1.15e+07  
340.86 -0.04 -100.48 0.09 1.14  6.30 N  19.81 4.91e+04  
340.86  0.68 -124.40 0.11 1.44  7.88 U  29.21 6.76e+04  
341.10  0.04  -65.18 0.09 2.48 11.34 F  34.78 7.40e+04  
341.27 -0.70  -86.70 0.08 1.84  5.67 N  15.79 3.65e+04  
341.28 -0.90 -122.85 0.21 2.21  7.90 U  55.26 1.19e+05  
341.34  0.21  -24.70 0.15 3.21  2.41 N  11.94 6.18e+04  
341.52 -0.38  -11.00 0.07 2.19 14.92 F  33.22 1.03e+05  
341.55 -0.24  -93.80 0.12 1.38  6.03 N  23.01 4.59e+04  
341.84  0.30  -40.69 0.11 1.45  3.46 N  12.85 4.04e+04  
341.99 -1.46  -46.83 0.15 2.30  3.82 N  19.40 4.49e+04  
341.99  0.13 -135.03 0.06 2.96  7.93 U  16.13 7.80e+04  
342.30  0.19  -78.82 0.28 4.45  5.42 N  50.79 1.21e+06  
342.46  0.14 -126.61 0.14 3.91  7.95 U  36.09 3.67e+05  
342.52  0.26  -25.74 0.27 1.68  2.58 N  23.34 9.81e+04  
342.57  1.14  -65.28 0.20 2.02  4.82 N  32.16 1.54e+05  
342.70 -0.12  -41.69 0.17 1.66  3.61 N  20.37 5.08e+04  
343.20  0.11 -119.71 0.15 2.30  7.98 U  38.70 3.92e+05  
343.49 -0.42  -80.01 0.15 3.91  5.61 N  28.47 2.69e+05  
343.64 -0.54  -26.29 0.45 4.18  2.73 N  40.75 5.45e+05  
343.84  1.02  -67.53 0.12 1.57  5.08 N  20.10 4.07e+04  
343.86  0.82  -20.56 0.19 2.15  2.33 N  14.85 4.01e+04  
344.08  0.14 -145.90 0.20 6.64  8.02 U  54.38 4.13e+05  
344.09  0.12  -67.10 0.24 3.17  5.09 N  40.57 4.43e+05  
344.56  0.02 -112.50 0.11 1.85  7.44 N  26.62 4.01e+04  
344.57 -0.31  -75.82 0.13 2.36  5.57 N  23.93 6.84e+04  
344.68  0.13  -43.70 0.24 3.67  3.96 N  31.47 2.75e+05  
344.78  0.67 -109.50 0.06 3.39       A                  
344.93 -0.26  -28.13 0.11 2.66  3.00 N  11.11 3.60e+04  
345.13 -0.21  -93.36 0.11 1.71  6.45 N  22.46 7.40e+04  
345.14 -0.20  -85.47 0.11 1.13  6.09 N  22.96 7.74e+04  
345.32  0.33 -119.12 0.19 5.36  8.07 U  51.96 5.51e+05  
345.49  0.25 -153.25 0.13 4.60  8.07 U  35.15 5.87e+04  
345.57  0.79  -13.90 0.41 3.27  1.92 N  25.91 2.78e+05  
345.73  0.02   -6.90 0.08 2.49 15.59 F  43.11 5.65e+05  
345.99  0.24  -66.11 0.08 1.96  5.33 N  14.62 3.42e+04  
346.08  0.02  -34.34 0.14 3.37 12.99 F  58.89 1.14e+06  
346.11  0.02 -107.47 0.13 7.20  8.99 F  38.00 2.90e+05  
346.25  0.01  -80.42 0.17 4.27 10.36 F  57.16 8.71e+05  
346.29  0.89  -57.33 0.24 2.95  4.94 N  39.04 2.77e+05  
346.43  0.52 -118.33 0.11 2.99  8.11 U  28.52 5.05e+04  
346.59 -0.33 -103.57 0.07 1.82  7.20 N  17.59 3.11e+04  
346.77  0.14 -154.10 0.22 5.84  8.12 U  60.16 4.23e+05  
346.98  0.29  -34.28 0.11 2.39  3.71 N  14.04 5.04e+04  
347.00  0.22 -118.84 0.21 1.88  8.13 U  56.43 8.43e+04  
347.14  0.10  -68.82 0.12 3.11  5.66 N  22.89 1.19e+05  
