Title: Giant Molecular Clouds in the Early-Type Galaxy NGC4526 
Authors: Utomo D., Blitz L., Davis T., Rosolowsky E., Bureau .M., 
         Cappellari M., Sarzi M. 
Table: NGC4526 Cloud Properties
================================================================================
Byte-by-byte Description of file: apj509133t1_mrt.txt
--------------------------------------------------------------------------------
   Bytes Format Units              Label  Explanations
--------------------------------------------------------------------------------
   1-  3 I3     ---                ID     Index number
   5-  6 I2     h                  RAh    Hour of the Right Ascension (J2000)
   8-  9 I2     min                RAm    Min of the Right Ascension (J2000)
  11- 13 F3.1   s                  RAs    Second of the Right Ascension (J2000)
      15 I1     deg                DEd    Degree of Declination (J2000)
  17- 18 I2     arcmin             DEm    Arcminute of Declination (J2000)
  20- 23 F4.1   arcsec             DEs    Arcsecond of Declination (J2000)
  25- 29 F5.1   km/s               VLSR   Local Standard of Rest velocity
  31- 35 F5.2   pc                 R      ? Cloud size (1)
  37- 41 F5.2   pc               e_R      ? Uncertainty in R (1)
  43- 47 F5.2   km/s               sigv   Velocity dispersion
  49- 53 F5.2   km/s             e_sigv   Uncertainty in sigv
  55- 59 F5.2   10+5.K.km/s.pc2   Lum    Luminosity
  61- 64 F4.2   10+5.K.km/s.pc2 e_Lum    Uncertainty in Lum
  66- 69 F4.2   10+6.solMass       Mass   Mass
  71- 74 F4.2   10+6.solMass     e_Mass   Uncertainty in Mass
  76- 78 F3.1   ---                S/N    Signal-to-noise
  80- 83 F4.1   K                  Tbmax  Maximum brightness temperature
  85- 89 F5.2   km/s/pc            Omega  ? Amount of galactic shear
  91- 94 I4     pc                 D      ? Distance from NGC4526 center (2)
--------------------------------------------------------------------------------
Note (1): The size of unresolved clouds are less than the linear size of the
          beam and are blank in this table.
Note (2): Assuming clouds are in the plane of the galaxy with axis ratio 
          of 0.216 and position angle of 20.2 degrees.
--------------------------------------------------------------------------------
  1 12 34 3.5 7 41 54.7 276.0 24.00  7.65  6.90  0.48  3.76 1.24 1.88 0.62 5.0  7.7  0.52  667 
  2 12 34 3.5 7 41 54.9 283.4              6.14  1.30  0.67 0.60 0.33 0.30 4.1  6.3  0.55  619 
  3 12 34 3.4 7 41 55.1 286.7              6.37  1.21  0.27 0.19 0.14 0.09 3.4  4.7  0.57  587 
  4 12 34 3.6 7 41 54.3 279.6 22.16  5.54  5.42  0.55  2.35 0.70 1.18 0.35 6.6 10.4  0.44  798 
  5 12 34 3.5 7 41 55.2 286.7              5.64  1.55  0.71 0.68 0.35 0.34 4.6  6.7  0.57  583 
  6 12 34 3.4 7 41 55.4 293.2              9.74  2.35  1.13 0.60 0.57 0.30 5.2  6.7  0.58  563 
  7 12 34 3.5 7 41 55.4 298.3 22.01  5.52  7.23  0.96  2.39 0.76 1.20 0.38 5.7  8.1  0.56  599 
  8 12 34 3.4 7 41 55.1 298.5              6.28  1.67  0.67 0.99 0.33 0.50 3.6  5.1  0.58  559 
  9 12 34 3.4 7 41 55.6 297.2 29.60  6.81  7.25  0.63  5.75 1.35 2.88 0.68 6.2  9.0  0.61  492 
 10 12 34 3.3 7 41 55.5 311.0 12.11  9.12  8.01  1.41  1.42 1.35 0.71 0.68 4.4  6.4  0.61  480 
 11 12 34 3.3 7 41 55.7 314.9              6.27  0.55  1.05 0.68 0.53 0.34 5.1  7.1  0.62  440 
 12 12 34 3.3 7 41 56.1 309.0 28.58  5.57  7.12  0.33  5.52 1.16 2.77 0.58 7.3 10.2  0.63  424 
 13 12 34 3.3 7 41 56.4 323.3 31.38  5.24  7.81  0.86  5.84 1.08 2.93 0.54 7.3 10.3  0.66  348 
 14 12 34 3.3 7 41 55.2 323.5 13.38  8.55  8.21  4.00  2.01 0.87 1.01 0.44 5.1  7.4  0.59  543 
 15 12 34 3.3 7 41 56.4 333.7 18.72  5.54  9.56  2.32  3.18 0.87 1.59 0.44 6.6  8.9  0.64  388 
 16 12 34 3.2 7 41 56.5 344.0 16.65  7.01  8.75  2.44  2.00 0.83 1.00 0.41 5.8  7.8  0.76  293 
 17 12 34 3.2 7 41 56.8 328.9              7.64  1.41  0.29 0.21 0.14 0.11 4.1  5.8  0.70  320 
 18 12 34 3.4 7 41 56.1 335.7              7.39  3.21  0.80 0.91 0.40 0.46 4.4  6.0  0.60  499 
 19 12 34 3.3 7 41 56.2 330.3 10.48  7.41  8.53  1.50  1.47 0.64 0.74 0.32 5.5  7.9  0.66  360 
 20 12 34 3.2 7 41 56.3 337.5  7.57 11.12  6.44  1.74  0.96 0.97 0.48 0.49 3.9  5.9  0.68  336 
 21 12 34 3.3 7 41 56.5 342.7              6.97  1.17  0.44 0.58 0.22 0.29 4.2  5.7  0.62  460 
 22 12 34 3.4 7 41 54.9 352.1              6.83  2.66  0.40 0.62 0.20 0.31 3.5  4.8  0.56  607 
 23 12 34 3.3 7 41 55.4 337.7              6.99  1.59  0.94 0.95 0.47 0.48 4.1  5.8  0.60  503 
 24 12 34 3.2 7 41 56.8 342.7 27.14  5.62  9.20  1.74  3.30 1.20 1.66 0.60 6.3  8.3  0.92  253 
 25 12 34 3.1 7 41 56.9 357.4              9.35  3.95  1.68 1.36 0.84 0.68 3.7  5.1  1.20  209 
 26 12 34 3.3 7 41 55.8 348.6 11.03  8.67 11.29  2.22  2.54 1.17 1.27 0.59 5.8  7.5  0.63  424 
 27 12 34 3.3 7 41 56.6 360.3              7.04  2.61  1.25 0.56 0.62 0.28 5.7  8.0  0.66  360 
 28 12 34 3.3 7 41 56.7 363.0              4.63  0.96  0.56 0.49 0.28 0.24 4.6  6.2  0.64  396 
 29 12 34 3.2 7 41 56.9 359.7              6.70  0.94  1.04 0.71 0.52 0.36 5.7  7.8  0.73  304 
 30 12 34 3.3 7 41 55.4 377.4              9.27  1.86  1.66 0.85 0.83 0.43 5.1  7.1  0.59  519 
 31 12 34 3.2 7 41 56.0 374.0              7.31  1.52  0.98 0.57 0.49 0.29 5.3  6.9  0.64  392 
 32 12 34 3.2 7 41 56.2 371.9              6.60  1.49  0.98 0.52 0.49 0.26 5.3  6.5  0.66  348 
 33 12 34 3.3 7 41 56.7 368.6              9.87  1.65  1.46 0.78 0.73 0.39 5.7  7.2  0.63  436 
 34 12 34 3.3 7 41 57.0 376.4              5.89  1.97  0.49 0.34 0.25 0.17 5.0  6.5  0.64  404 
 35 12 34 3.3 7 41 57.0 386.6              7.40  3.93  0.67 0.75 0.34 0.38 4.8  6.2  0.65  368 
 36 12 34 3.2 7 41 55.6 400.0 14.17  7.71  8.71  1.98  1.74 1.07 0.87 0.54 4.7  6.0  0.61  480 
 37 12 34 3.2 7 41 56.0 400.0              6.96  0.62  1.39 0.70 0.70 0.35 4.9  6.3  0.64  408 
 38 12 34 3.3 7 41 56.9 404.7              6.04  0.59  0.27 0.35 0.13 0.18 3.0  3.7  0.62  440 
 39 12 34 3.3 7 41 57.2 404.8  5.09  3.84  8.64  4.37  1.16 0.74 0.58 0.37 5.1  6.7  0.64  404 
 40 12 34 3.2 7 41 55.3 411.9 14.23 10.60  7.97  0.79  2.07 0.96 1.04 0.48 4.7  6.6  0.57  575 
 41 12 34 3.2 7 41 57.3 416.2              9.15  3.55  0.71 0.59 0.36 0.30 4.2  5.4  0.82  277 
 42 12 34 3.2 7 41 57.5 408.4              5.60  0.96  0.35 0.45 0.17 0.22 4.3  5.8  0.66  360 
 43 12 34 3.3 7 41 57.2 422.6              8.34  1.77  1.14 0.63 0.57 0.31 5.3  7.0  0.62  456 
 44 12 34 3.2 7 41 56.1 438.3  3.97  2.32 11.13  4.84  2.12 0.92 1.06 0.46 5.0  6.1  0.63  412 
 45 12 34 3.3 7 41 57.3 428.0              5.37  1.45  0.60 0.44 0.30 0.22 5.0  6.6  0.63  420 
 46 12 34 3.2 7 41 57.3 423.9              7.09  1.37  0.66 0.52 0.33 0.26 4.7  5.7  0.66  360 
 47 12 34 3.2 7 41 55.3 433.5              6.93  1.47  0.46 0.57 0.23 0.29 4.0  5.3  0.57  579 
 48 12 34 3.1 7 41 56.3 446.1              7.98  0.67  0.86 0.61 0.43 0.31 4.6  6.2  0.65  364 
 49 12 34 3.2 7 41 57.5 438.9 20.86 12.06  7.54  1.05  1.01 1.02 0.51 0.51 4.0  5.7  0.66  352 
 50 12 34 3.2 7 41 55.3 437.0             10.45  2.06  0.69 0.55 0.34 0.28 4.5  6.1  0.56  603 
 51 12 34 3.2 7 41 55.6 438.3 15.56  9.04  8.15  2.90  2.15 0.89 1.08 0.45 5.1  6.7  0.60  515 
 52 12 34 3.2 7 41 55.9 442.2              7.34  1.62  1.44 1.15 0.72 0.58 4.3  5.8  0.62  444 
 53 12 34 3.3 7 41 57.5 440.2              8.27  2.93  1.27 0.64 0.64 0.32 4.8  6.3  0.62  440 
 54 12 34 3.2 7 41 57.9 455.8              6.33  1.05  0.36 0.25 0.18 0.12 5.0  6.1  0.62  448 
 55 12 34 3.2 7 41 57.7 464.0              7.43  2.37  1.15 1.04 0.58 0.52 4.0  5.8  0.63  420 
 56 12 34 3.2 7 41 57.8 474.1              5.25  0.78  0.34 0.32 0.17 0.16 3.8  5.4  0.61  472 
 57 12 34 3.2 7 41 57.8 476.2 24.20  7.91  5.24  0.58  1.58 0.44 0.79 0.22 7.0  8.7  0.64  400 
 58 12 34 3.2 7 41 55.7 472.9             10.15  1.91  1.72 0.74 0.86 0.37 5.4  6.5  0.59  523 
 59 12 34 3.2 7 41 57.9 488.1              7.20  0.98  1.28 0.44 0.64 0.22 5.6  7.4  0.66  356 
 60 12 34 3.2 7 41 57.8 498.4              7.58  2.44  0.72 0.71 0.36 0.36 4.2  5.2  0.66  356 
 61 12 34 3.1 7 41 57.9 498.2 13.06  6.82  8.14  1.46  1.69 0.65 0.85 0.33 6.1  7.8  0.69  328 
 62 12 34 3.2 7 41 58.2 501.4 16.35  4.45  8.69  1.53  3.71 0.78 1.86 0.39 6.3  8.4  0.59  539 
 63 12 34 3.1 7 41 57.9 504.9              8.43  3.32  1.41 0.81 0.71 0.40 4.6  6.1  0.88  261 
 64 12 34 3.1 7 41 58.2 522.1              8.34  2.78  1.62 1.04 0.81 0.52 4.3  6.2  0.64  404 
 65 12 34 3.2 7 41 58.2 516.4  4.81  4.63  7.68  2.81  1.23 0.66 0.62 0.33 4.9  6.2  0.62  456 
 66 12 34 3.1 7 41 58.2 548.1              7.15  2.14  1.15 0.76 0.58 0.38 5.3  6.8  1.13  217 
 67 12 34 3.1 7 41 58.2 535.8              9.10  3.12  1.29 0.90 0.65 0.45 4.7  6.6  0.70  320 
 68 12 34 3.1 7 41 58.4 547.7 13.11  7.85  5.32  0.62  0.75 0.62 0.38 0.31 5.5  7.5  0.63  412 
 69 12 34 3.0 7 41 58.2 567.1              6.12  0.60  0.98 0.58 0.49 0.29 5.1  7.0  1.69  161 
 70 12 34 3.1 7 41 58.4 567.1              8.23  3.55  1.08 0.99 0.54 0.49 4.8  6.2  0.64  392 
 71 12 34 3.1 7 41 58.6 568.7 30.45  6.64  8.86  0.78  4.73 1.29 2.37 0.65 6.9  9.2  0.64  408 
 72 12 34 3.1 7 41 58.7 589.2 20.85  8.53  6.85  0.70  2.53 1.02 1.27 0.51 5.3  6.8  0.66  360 
 73 12 34 3.0 7 41 58.8 617.6 28.75  5.81  8.78  1.47  4.44 1.12 2.23 0.56 6.7  8.5  0.66  352 
 74 12 34 3.0 7 41 59.0 652.1 35.57  7.76  7.39  0.40  3.66 0.85 1.83 0.43 6.2  7.6  0.65  376 
 75 12 34 3.0 7 41 59.1 678.3 24.23  7.49  6.09  1.00  2.12 0.54 1.06 0.27 6.1  7.4  0.67  344 
 76 12 34 3.0 7 41 59.4 699.7              7.99  2.38  1.39 0.50 0.70 0.25 5.7  6.9  0.63  428 
 77 12 34 3.0 7 41 59.0 702.8              8.86  2.71  1.13 0.56 0.57 0.28 4.9  5.9  0.79  285 
 78 12 34 3.5 7 41 54.2 296.4              8.41  2.25  1.10 1.47 0.55 0.74 3.7  5.6  0.47  754 
 79 12 34 3.4 7 41 56.1 346.0 13.69 10.37  8.77  0.88  2.08 0.63 1.04 0.32 5.9  7.7  0.59  539 
 80 12 34 3.1 7 41 44.3 345.5              7.09  4.23  0.84 1.03 0.42 0.52 4.1  7.4            
 81 12 34 3.0 7 41 57.8 389.1 15.94  9.44  9.78  2.32  1.37 0.74 0.68 0.37 5.1  6.3 10.19   34 
 82 12 34 3.0 7 41 57.9 484.1 11.91  3.70 27.46 14.38  2.99 0.74 1.50 0.37 5.7  6.1 66.09   10 
 83 12 34 3.0 7 41 57.6 392.4  7.15 10.14 21.37  4.32  3.68 1.40 1.84 0.70 5.6  7.2  4.81   62 
 84 12 34 3.0 7 41 57.9 436.5              6.56  1.84  0.17 0.09 0.09 0.05 3.3  3.8  4.81   62 
 85 12 34 3.3 7 41 55.1 384.7              8.00  0.52  1.67 1.31 0.83 0.66 4.3  5.8  0.56  591 
 86 12 34 3.6 7 41 55.9 359.0              7.10  0.87  0.96 0.52 0.48 0.26 6.2  9.4  0.43  826 
 87 12 34 3.4 7 41 56.6 370.8              8.82  2.25  2.30 1.04 1.15 0.52 4.6  6.3  0.59  539 
 88 12 34 3.4 7 41 56.9 391.8              8.42  3.17  1.44 0.66 0.72 0.33 5.2  7.1  0.59  531 
 89 12 34 3.1 7 41 57.4 407.0  7.40  8.05  9.74  3.26  0.97 0.99 0.48 0.49 4.1  5.1  1.23  205 
 90 12 34 3.3 7 41 57.4 442.5              6.88  1.14  0.76 0.57 0.38 0.29 5.2  6.6  0.56  591 
 91 12 34 3.3 7 41 57.8 468.4 22.44  7.70  8.84  0.95  2.93 2.14 1.47 1.07 4.4  5.8  0.49  718 
 92 12 34 3.3 7 41 57.8 468.7              7.08  0.54  1.31 0.67 0.65 0.33 5.3  6.9  0.57  579 
 93 12 34 3.1 7 41 55.9 496.9 15.65  9.28  8.13  1.88  1.72 0.93 0.86 0.47 4.6  5.7  0.60  511 
 94 12 34 3.1 7 41 56.3 518.7 28.93  4.80  8.60  4.43  6.95 1.21 3.49 0.61 6.3  8.1  0.63  428 
 95 12 34 3.1 7 41 56.0 548.1              5.43  0.73  0.63 0.49 0.32 0.25 4.9  5.9  0.57  583 
 96 12 34 3.0 7 41 56.5 549.6              6.03  0.60  1.04 0.51 0.52 0.26 6.4  8.2  0.63  424 
 97 12 34 3.0 7 41 56.2 556.5              6.03  0.84  0.35 0.35 0.18 0.17 3.9  4.9  0.59  531 
 98 12 34 3.1 7 41 56.3 558.3              5.68  1.08  0.86 0.50 0.43 0.25 5.6  7.0  0.61  468 
 99 12 34 3.0 7 41 56.7 565.6              8.60  4.28  1.83 0.99 0.92 0.49 5.5  6.8  0.64  396 
100 12 34 3.0 7 41 56.6 574.9              7.91  1.12  1.07 0.55 0.54 0.28 6.2  8.3  0.62  456 
101 12 34 3.0 7 41 56.5 592.2 10.40  3.50 10.11  1.75  2.49 1.02 1.25 0.51 6.0  7.3  0.59  519 
102 12 34 3.0 7 41 56.9 599.4 10.79  6.53  9.90  3.39  2.01 0.63 1.01 0.32 5.4  6.8  0.66  356 
103 12 34 3.0 7 41 57.2 605.8 10.31  5.76  9.77  4.31  1.90 1.37 0.95 0.69 4.2  5.1  0.94  249 
104 12 34 3.0 7 41 56.8 613.0 26.63  3.83  9.40  1.87  5.18 1.04 2.60 0.52 6.7  8.5  0.62  448 
105 12 34 2.9 7 41 57.0 642.6 25.11  5.50  9.09  2.51  4.05 1.37 2.03 0.69 6.0  7.6  0.62  456 
106 12 34 3.0 7 41 57.4 654.7              6.55  1.08  0.44 0.40 0.22 0.20 4.7  5.6  0.96  245 
107 12 34 2.9 7 41 57.4 673.8 26.71  5.72 10.96  2.79  5.79 1.61 2.90 0.81 6.6  8.6  0.66  356 
108 12 34 2.9 7 41 57.3 683.5              6.56  1.34  1.74 0.77 0.87 0.38 6.5  7.6  0.61  484 
109 12 34 2.9 7 41 57.1 673.4  8.33  2.62 10.66  2.05  3.05 1.24 1.53 0.62 5.2  6.4  0.57  567 
110 12 34 2.8 7 41 57.3 705.3 22.08  5.45  7.44  1.12  2.72 0.73 1.36 0.37 6.0  7.4  0.56  595 
111 12 34 2.9 7 41 57.5 711.4              7.59  0.91  1.14 0.50 0.57 0.25 5.9  7.3  0.64  404 
112 12 34 2.9 7 41 57.6 717.5 18.00  6.26  9.70  3.46  2.48 0.76 1.24 0.38 6.0  7.4  0.63  432 
113 12 34 2.8 7 41 57.6 717.4              8.30  3.24  1.44 0.76 0.72 0.38 5.2  6.5  0.61  488 
114 12 34 2.8 7 41 57.5 729.4  9.40  3.84  8.13  2.19  1.71 0.98 0.86 0.49 4.9  6.3  0.57  571 
115 12 34 2.9 7 41 57.6 721.6 13.95  4.78  7.58  2.94  1.67 0.65 0.84 0.32 5.1  6.7  0.68  336 
116 12 34 2.9 7 41 57.7 731.1              7.25  3.98  0.50 0.97 0.25 0.49 3.5  4.4  0.96  245 
117 12 34 2.7 7 41 57.6 737.9              9.56  2.18  0.59 0.43 0.30 0.21 4.7  5.6  0.48  738 
118 12 34 2.8 7 41 57.8 743.2 11.97  5.05  6.04  2.11  1.64 0.48 0.82 0.24 6.9  8.2  0.63  420 
119 12 34 2.7 7 41 57.9 755.7 24.62  5.32  9.74  0.96  4.23 1.38 2.12 0.69 5.4  6.8  0.57  583 
120 12 34 2.8 7 41 57.6 749.7              6.44  1.06  1.11 0.68 0.55 0.34 4.9  6.0  0.56  603 
121 12 34 2.9 7 41 57.8 757.6             10.86  3.25  0.56 0.63 0.28 0.31 4.3  5.2  0.79  285 
122 12 34 2.9 7 41 57.9 757.3 12.94  5.20  7.37  2.13  1.59 0.82 0.80 0.41 5.8  7.0  0.69  328 
123 12 34 2.8 7 41 58.2 756.2              7.14  1.85  0.21 0.33 0.10 0.17 3.3  4.0  0.70  320 
124 12 34 2.8 7 41 58.0 770.7 28.88  4.07 12.26  1.55  7.41 1.21 3.71 0.61 6.5  8.0  0.64  408 
125 12 34 2.7 7 41 58.2 785.6              7.83  0.76  1.31 0.82 0.66 0.41 4.5  6.1  0.56  607 
126 12 34 2.7 7 41 58.1 774.9  5.42  5.87  7.71  1.60  1.24 0.63 0.62 0.32 5.5  7.1  0.59  539 
127 12 34 2.6 7 41 58.2 782.1              6.50  1.43  0.90 0.91 0.45 0.46 4.0  5.3  0.50  710 
128 12 34 2.8 7 42 00.0 799.8 16.60  7.01 12.89  2.88  2.46 1.57 1.23 0.79 5.1  6.4  0.62  464 
129 12 34 2.7 7 41 58.4 803.9              8.69  2.65  0.70 0.47 0.35 0.24 5.3  6.4  0.56  607 
130 12 34 2.6 7 41 58.4 803.3              7.81  3.07  0.92 0.72 0.46 0.36 4.3  5.6  0.52  679 
131 12 34 2.8 7 42  0.2 803.6              4.90  1.08  0.25 0.23 0.12 0.11 4.4  5.8  0.60  515 
132 12 34 2.8 7 41 58.3 810.8 18.09  6.67  7.96  2.62  2.59 1.12 1.30 0.56 5.3  6.6  0.62  448 
133 12 34 2.8 7 41 58.3 812.2             10.30  2.52  1.97 0.59 0.99 0.30 6.6  8.4  0.64  400 
134 12 34 2.8 7 41 59.7 799.4 11.33  9.72  9.43  1.69  1.08 0.94 0.54 0.47 4.5  5.8  0.64  400 
135 12 34 2.7 7 41 58.4 816.1             12.39  4.63  1.89 0.64 0.95 0.32 5.6  7.6  0.53  655 
136 12 34 2.7 7 41 58.5 828.6             10.37  1.98  1.10 0.52 0.55 0.26 5.7  7.0  0.58  555 
137 12 34 2.8 7 41 59.9 831.1 16.56  7.45  8.09  1.68  1.82 0.59 0.91 0.29 7.1  8.5  0.64  408 
138 12 34 2.8 7 42  0.1 835.0              9.00  2.63  1.47 0.56 0.74 0.28 6.3  7.7  0.62  456 
139 12 34 2.8 7 41 58.5 834.4              8.29  2.71  0.66 0.38 0.33 0.19 5.7  6.5  0.67  344 
140 12 34 2.7 7 41 58.6 842.4 17.28  5.50  7.78  2.63  3.29 1.32 1.65 0.66 5.1  6.5  0.63  416 
141 12 34 2.6 7 41 58.8 845.7             11.55  5.14  1.04 0.75 0.52 0.38 4.5  5.8  0.55  627 
142 12 34 2.8 7 41 59.8 850.0 22.62  9.21  8.24  0.38  2.60 0.97 1.30 0.49 5.5  7.0  0.65  368 
143 12 34 2.6 7 41 58.7 851.1  7.72  3.50  8.82  3.03  2.03 0.76 1.02 0.38 5.7  7.8  0.55  611 
144 12 34 2.7 7 41 58.9 871.0 28.91  6.62 12.68  3.94  3.88 0.82 1.94 0.41 6.9  8.5  0.62  452 
145 12 34 2.8 7 42  0.0 863.8 15.13  7.22  6.99  2.34  1.56 0.66 0.78 0.33 5.3  6.9  0.63  416 
146 12 34 2.7 7 42  0.5 866.1  9.13  8.19  7.07  0.81  0.52 0.42 0.26 0.21 4.3  5.2  0.59  531 
147 12 34 2.8 7 41 58.6 871.9              7.31  1.67  0.66 0.55 0.33 0.27 4.0  5.2  0.65  376 
148 12 34 2.7 7 41 58.8 870.3 14.80  4.46  9.67  1.90  2.71 0.78 1.36 0.39 6.3  8.1  0.64  404 
149 12 34 2.8 7 42  0.2 867.2              8.71  2.66  0.44 0.60 0.22 0.30 3.6  5.1  0.62  460 
150 12 34 2.7 7 42  0.8 871.1              6.67  2.46  0.41 0.44 0.21 0.22 4.5  5.4  0.57  583 
151 12 34 2.6 7 41 59.0 875.8              3.79  0.44  0.25 0.28 0.12 0.14 4.0  5.2  0.57  587 
152 12 34 2.7 7 41 59.0 881.8              4.73  1.29  0.99 0.48 0.50 0.24 5.1  6.8  0.61  472 
153 12 34 2.6 7 41 59.2 879.2              8.35  1.44  0.44 0.60 0.22 0.30 3.7  4.7  0.58  555 
154 12 34 2.7 7 42  0.8 891.3              5.41  2.36  0.45 0.47 0.22 0.23 4.8  6.2  0.57  571 
155 12 34 2.6 7 41 59.0 886.5              6.17  1.11  0.50 0.52 0.25 0.26 4.2  5.9  0.59  531 
156 12 34 2.7 7 42  0.3 888.9 20.54  4.93  8.82  1.80  3.35 0.95 1.68 0.48 6.0  7.7  0.62  464 
157 12 34 2.8 7 41 59.0 894.6              7.56  1.82  0.90 0.52 0.45 0.26 5.2  5.9  0.72  308 
158 12 34 2.8 7 41 59.7 895.4 11.65 12.02  8.20  3.36  1.45 1.46 0.73 0.73 4.3  5.2  0.67  340 
159 12 34 2.7 7 41 59.8 894.5 11.16 11.39  6.74  1.41  0.72 0.49 0.36 0.24 4.8  6.0  0.65  372 
160 12 34 2.7 7 42  0.5 901.1 20.31  6.84  8.28  1.51  2.05 1.18 1.03 0.59 4.8  6.4  0.60  511 
161 12 34 2.7 7 41 59.0 899.7 14.47  5.63  7.90  1.29  2.11 0.75 1.06 0.37 5.9  7.5  0.66  356 
162 12 34 2.6 7 41 59.2 913.7              6.01  1.08  0.60 0.85 0.30 0.43 3.4  4.6  0.59  535 
163 12 34 2.7 7 41 59.3 911.3 32.19  8.85  8.34  0.65  4.82 1.26 2.42 0.63 6.8  8.6  0.64  396 
164 12 34 2.7 7 41 59.4 908.7 12.07  6.58  6.88  0.89  1.46 0.66 0.73 0.33 5.7  7.4  0.69  328 
165 12 34 2.7 7 41 59.8 914.9 19.38  7.56  9.04  2.19  2.91 0.78 1.46 0.39 6.2  7.7  0.65  376 
166 12 34 2.7 7 42  0.1 915.2 17.13  5.09  9.07  2.33  2.22 1.15 1.11 0.58 5.5  7.2  0.63  432 
167 12 34 2.7 7 41 59.6 921.5              6.62  0.84  0.57 0.40 0.28 0.20 5.0  6.4  0.66  348 
168 12 34 2.8 7 41 59.6 916.7              5.80  1.28  0.69 0.44 0.34 0.22 5.6  7.0  0.68  332 
169 12 34 2.7 7 41 59.6 926.0 34.21  5.34  8.10  1.94  7.55 1.40 3.78 0.70 7.4  9.9  0.62  452 
170 12 34 2.6 7 41 59.9 942.1 11.31  7.66  5.52  0.88  0.81 0.49 0.41 0.24 4.7  6.3  0.59  519 
171 12 34 2.6 7 42  0.2 935.2 40.49  4.13  8.27  1.17 11.74 1.50 5.88 0.75 7.5 10.0  0.62  464 
172 12 34 2.6 7 42  0.3 949.6              7.86  0.78  0.95 0.45 0.48 0.23 5.9  7.7  0.60  515 
173 12 34 3.3 7 41 58.1 491.8              8.44  2.06  1.11 0.63 0.56 0.31 5.4  7.5  0.51  691 
174 12 34 3.1 7 41 55.4 517.5 18.22 13.15  6.92  0.70  1.40 0.83 0.70 0.41 4.8  6.4  0.51  695 
175 12 34 3.2 7 41 58.8 543.8              7.19  2.58  0.64 0.69 0.32 0.34 4.0  5.4  0.56  607 
176 12 34 3.1 7 41 58.8 551.0              6.16  1.33  0.46 0.55 0.23 0.28 4.1  5.5  0.57  575 
177 12 34 3.2 7 41 59.1 558.7 12.82  8.86  6.72  1.45  1.47 0.52 0.74 0.26 5.6  7.5  0.47  746 
178 12 34 3.1 7 41 59.1 561.3 11.30  9.40  8.44  2.68  0.91 0.67 0.46 0.34 4.3  5.4  0.52  683 
179 12 34 3.2 7 41 59.1 572.5              6.48  1.06  0.24 0.16 0.12 0.08 3.5  4.3  0.44  806 
180 12 34 3.1 7 41 59.3 585.0              6.55  1.30  0.75 0.54 0.38 0.27 4.9  6.2  0.49  722 
181 12 34 3.2 7 41 59.3 579.8              8.60  1.64  0.39 0.63 0.19 0.32 4.4  5.3  0.46  770 
182 12 34 3.0 7 41 55.8 583.1 15.26  8.12  7.36  0.34  2.50 1.45 1.26 0.73 4.6  5.9  0.47  762 
183 12 34 3.1 7 41 59.3 596.2              6.64  0.68  0.72 0.44 0.36 0.22 5.3  6.6  0.52  671 
184 12 34 3.1 7 41 59.7 622.2 20.90  7.48  5.85  0.57  1.22 0.41 0.61 0.20 6.7  8.5  0.48  734 
185 12 34 2.9 7 41 56.5 629.4              7.89  1.88  0.71 0.90 0.36 0.45 3.6  4.6  0.52  667 
186 12 34 2.8 7 41 56.7 644.8              8.11  1.11  1.01 0.59 0.51 0.30 5.4  6.8  0.48  738 
187 12 34 3.0 7 42  0.2 647.3 19.80  8.51  6.65  0.53  1.65 0.83 0.83 0.42 5.2  6.4  0.41  874 
188 12 34 3.0 7 42 00.0 651.0 24.78 14.45  6.14  0.40  1.59 0.85 0.80 0.43 5.2  6.3  0.48  730 
189 12 34 3.0 7 42  0.2 668.3              8.92  1.81  0.88 0.52 0.44 0.26 5.2  6.2  0.47  754 
190 12 34 3.0 7 41 57.9 712.0             27.31  2.41  1.51 0.48 0.76 0.24 5.9  6.1 19.65   22 
191 12 34 2.8 7 41 57.2 699.4              9.09  1.70  1.05 0.71 0.53 0.35 4.6  5.5  0.48  730 
192 12 34 2.9 7 42  0.7 695.8              8.29  2.82  1.17 0.71 0.59 0.36 5.0  6.3  0.44  810 
193 12 34 2.9 7 42  0.4 708.5              7.87  1.18  0.70 0.67 0.35 0.34 4.6  5.6  0.48  730 
194 12 34 2.9 7 42  0.4 714.7              5.80  0.98  0.79 0.30 0.39 0.15 6.5  7.6  0.52  679 
195 12 34 2.9 7 42  0.6 725.9 11.81 12.80  5.47  0.66  1.07 0.63 0.54 0.32 4.6  5.8  0.48  730 
196 12 34 2.9 7 42  0.8 713.9              6.09  1.28  0.49 0.58 0.24 0.29 4.1  5.4  0.43  830 
197 12 34 2.9 7 42  0.4 733.0              6.62  1.15  1.16 0.94 0.58 0.47 4.6  6.0  0.54  639 
198 12 34 2.9 7 42  0.8 736.9              6.07  1.12  0.70 0.49 0.35 0.25 4.4  5.3  0.46  778 
199 12 34 2.9 7 41 59.1 724.5              7.30  2.03  0.75 0.42 0.37 0.21 6.1  7.5  0.78  289 
200 12 34 2.9 7 41 59.4 729.9 10.79  4.11  8.76  1.58  2.62 0.61 1.31 0.31 6.9  9.0  0.64  388 
201 12 34 2.9 7 41 59.7 765.2 19.48  5.53  8.39  3.20  2.82 0.69 1.41 0.35 6.2  7.9  0.63  412 
202 12 34 2.8 7 42  1.2 775.6 24.42  7.13  7.82  0.30  2.56 0.99 1.28 0.50 5.1  6.4  0.44  798 
203 12 34 2.9 7 41 59.3 762.9              8.30  2.06  1.40 0.88 0.70 0.44 4.8  6.2  0.71  316 
204 12 34 2.7 7 41 58.0 784.3              7.02  1.95  0.88 0.40 0.44 0.20 5.1  6.3  0.53  663 
205 12 34 2.9 7 41 58.2 800.7  3.81  7.43  9.79  1.45  1.62 0.54 0.81 0.27 6.0  7.0  1.17  213 
206 12 34 2.7 7 42  1.4 788.7              5.36  2.14  0.80 0.44 0.40 0.22 4.9  6.8  0.48  734 
207 12 34 3.0 7 41 58.1 842.5 18.73  6.50 13.69  2.56  2.84 1.05 1.42 0.52 6.2  7.0  7.28   42 
208 12 34 2.9 7 41 58.0 884.5              5.56  0.72  0.20 0.32 0.10 0.16 3.5  4.8  2.62  105 
209 12 34 3.0 7 41 58.2 881.1 11.94  9.34 12.73  4.74  1.44 0.82 0.72 0.41 5.6  6.3  5.50   54 
210 12 34 2.7 7 42  1.4 820.1  8.32 10.36  8.48  4.38  1.78 0.94 0.89 0.47 5.1  6.5  0.46  766 
211 12 34 2.6 7 41 58.9 858.2              9.75  2.83  0.90 0.77 0.45 0.39 4.5  5.4  0.53  659 
212 12 34 2.8 7 41 58.7 864.0              6.62  1.52  0.55 0.83 0.28 0.42 4.1  4.9  0.78  289 
213 12 34 2.8 7 41 58.7 888.1  5.87  3.52 10.37  2.64  1.79 0.59 0.90 0.30 5.6  6.7  1.30  197 
214 12 34 2.8 7 41 58.7 889.1              6.27  3.09  0.48 0.36 0.24 0.18 4.5  5.6  0.86  265 
215 12 34 2.8 7 41 58.9 897.1              8.42  1.13  0.53 0.46 0.27 0.23 4.5  5.3  0.83  273 
216 12 34 2.8 7 41 59.1 887.1              7.63  1.70  1.96 0.74 0.98 0.37 6.0  7.1  1.08  225 
217 12 34 2.8 7 41 58.9 903.5 22.42  5.85  8.29  2.69  2.62 0.79 1.31 0.40 6.2  7.6  1.11  221 
218 12 34 2.8 7 41 59.2 902.6              6.78  1.30  1.34 0.95 0.67 0.47 5.1  6.7  0.85  269 
219 12 34 2.8 7 41 59.3 909.2              7.47  1.20  0.55 0.61 0.28 0.30 4.5  5.7  0.79  285 
220 12 34 2.5 7 41 59.2 855.4              7.49  1.01  1.75 0.97 0.88 0.49 5.2  6.9  0.49  718 
221 12 34 2.5 7 41 59.4 867.6              7.89  2.13  0.70 0.49 0.35 0.25 4.9  6.2  0.51  698 
222 12 34 2.5 7 41 59.4 875.8              9.80  2.99  1.03 0.65 0.52 0.33 4.9  6.5  0.51  691 
223 12 34 2.6 7 41 59.2 886.5 15.45  5.42  6.79  1.20  2.05 0.79 1.03 0.39 6.3  8.6  0.52  679 
224 12 34 2.6 7 41 59.0 904.9              4.90  0.57  0.23 0.34 0.12 0.17 4.0  5.3  0.52  667 
225 12 34 2.6 7 41 59.1 910.8              5.93  1.21  0.50 0.50 0.25 0.25 4.3  5.3  0.51  695 
226 12 34 2.6 7 41 59.5 905.2              6.84  2.70  1.61 1.17 0.81 0.58 3.9  5.3  0.55  615 
227 12 34 2.5 7 41 59.5 909.5              6.28  0.91  0.95 1.00 0.48 0.50 4.7  6.2  0.53  663 
228 12 34 2.6 7 42  1.8 875.2              8.58  3.49  1.20 0.89 0.60 0.45 5.0  6.4  0.45  790 
229 12 34 2.7 7 42  1.0 883.4              7.58  1.27  0.86 0.68 0.43 0.34 4.6  5.7  0.55  615 
230 12 34 2.5 7 42  1.8 910.8 14.10  7.89  9.83  1.75  1.89 0.93 0.95 0.47 5.4  7.5  0.46  778 
231 12 34 2.5 7 42  0.0 929.8 33.24  7.35  8.17  1.68  6.04 1.46 3.03 0.73 5.9  8.2  0.52  683 
232 12 34 2.5 7 42  0.4 947.9 15.98 13.31  5.45  0.71  0.73 0.69 0.37 0.34 4.1  5.7  0.52  679 
233 12 34 2.5 7 42  0.5 951.6 16.06  8.85  7.39  0.86  2.00 0.83 1.00 0.41 5.3  7.4  0.56  599 
234 12 34 2.5 7 42  0.7 948.7 15.31  4.96  6.28  0.81  2.41 0.73 1.21 0.37 6.2  8.8  0.54  647 
235 12 34 2.5 7 42  0.8 953.3 17.75  8.09  7.01  1.39  1.83 0.76 0.92 0.38 5.3  7.8  0.55  623 
236 12 34 2.4 7 42  2.0 929.9              7.86  2.27  1.25 1.34 0.62 0.67 4.0  6.0  0.44  814 
237 12 34 2.5 7 42  1.7 928.8 27.06 11.64  7.58  0.69  4.11 1.34 2.06 0.67 4.8  7.0  0.47  746 
238 12 34 2.3 7 42  0.8 946.9              7.90  0.81  1.51 0.79 0.76 0.40 5.3  8.0  0.42  846 
239 12 34 2.5 7 42  1.0 949.2              6.42  0.63  0.51 0.67 0.26 0.33 4.0  5.3  0.55  615 
240 12 34 2.4 7 42  1.4 957.5 30.47 12.89  6.47  0.33  2.58 1.02 1.29 0.51 5.5  8.1  0.46  774 
241 12 34 2.4 7 42  1.7 958.3              7.40  0.49  2.58 1.24 1.29 0.62 4.5  6.9  0.43  818 
